1000 4000
703 250 -11
973 972 17
525 773 4
740 590 3
151 119 12
843 770 -16
864 720 4
290 70 19
863 275 -9
528 77 5
128 44 17
944 89 -8
630 289 14
55 685 -19
410 915 -2
174 702 -8
251 173 12
806 458 -3
46 38 -16
493 475 -6
21 954 2
796 800 -4
636 499 -13
727 711 3
679 956 12
536 643 -10
433 898 -10
145 514 -8
781 535 12
445 856 20
784 348 13
784 889 -11
337 810 7
390 797 20
456 411 -15
608 47 -16
838 266 2
139 804 19
625 79 -17
339 343 -9
820 650 3
831 2 -4
861 850 15
48 82 -14
672 438 -7
116 82 -4
211 759 16
749 460 -3
953 702 -5
666 691 -2
732 30 -8
742 218 -3
879 911 -8
100 782 12
0 575 -12
772 379 -5
235 999 -4
772 974 -13
441 48 19
73 665 -15
857 781 12
15 938 8
780 915 -12
328 350 -2
872 954 -8
587 148 -14
640 677 4
163 847 -4
838 224 -19
515 283 16
289 626 3
348 995 8
514 378 15
736 814 12
85 332 -6
943 830 -17
637 434 15
512 787 -12
37 61 17
66 806 -6
902 596 17
856 946 12
858 618 15
883 156 -10
61 509 1
920 179 17
626 99 -11
700 885 10
23 493 -3
897 707 13
527 157 10
1 104 5
577 518 -19
493 566 3
939 169 16
746 679 -5
601 914 18
321 127 10
38 86 -9
783 135 -5
260 455 -15
563 858 15
387 104 14
897 588 19
626 527 -14
755 302 10
143 36 -6
846 276 -18
316 250 -8
894 567 -10
156 703 10
275 879 -9
285 844 -17
127 413 8
883 729 -19
596 552 4
590 25 16
348 228 -3
360 37 -14
7 807 12
941 304 -8
772 844 -15
5 166 -9
805 728 -8
872 453 -16
834 311 14
975 852 -15
633 137 18
851 559 10
361 667 -8
749 606 -4
209 749 -16
631 958 -5
617 246 -15
362 731 5
991 249 -12
375 945 -20
772 527 4
893 710 8
975 884 16
463 911 6
60 137 -5
83 355 8
173 659 19
156 837 1
848 511 -9
982 760 16
897 423 19
273 439 -3
771 882 -4
849 46 -4
451 696 -1
539 965 8
407 397 -2
462 558 20
979 3 15
7 847 6
227 416 11
856 51 -15
536 702 -16
290 627 3
766 164 -13
378 972 -14
407 947 11
271 38 -11
29 494 -7
803 590 16
828 664 17
870 284 3
574 80 14
805 126 -9
680 69 -1
115 731 11
708 848 2
395 662 2
148 902 8
690 84 15
910 69 -4
121 266 -19
996 17 18
80 653 -13
382 857 19
807 976 -11
973 749 -17
613 316 16
664 421 4
270 897 -16
99 987 -5
828 537 -16
277 652 -7
386 895 13
3 60 -20
7 370 19
773 626 -12
586 763 -20
241 337 -14
799 982 -8
324 953 -8
615 782 6
24 400 -8
808 656 11
970 532 -10
419 480 14
279 650 14
302 300 -17
156 433 18
66 572 -1
294 214 2
501 131 -11
219 747 1
496 811 13
513 428 -7
62 929 13
229 530 10
327 377 15
181 456 6
158 60 -2
981 226 -19
329 856 14
730 323 -8
99 912 -17
651 45 -2
832 809 6
617 56 17
63 161 11
488 468 -18
450 695 -4
358 856 -3
194 720 -14
464 75 -3
555 958 2
898 85 -4
49 906 -17
963 366 -2
982 660 12
200 997 2
618 223 -2
352 768 1
625 561 -7
253 409 18
970 285 -10
399 868 10
41 306 11
77 419 -7
479 507 10
141 594 -1
418 353 15
31 426 6
942 962 8
80 207 -20
591 337 1
707 933 -18
786 542 10
716 927 6
909 514 -10
849 842 19
232 225 -7
25 663 -12
370 404 -11
599 424 15
892 35 6
69 851 -17
873 981 -1
878 636 -8
260 290 -10
212 584 -4
578 148 8
273 957 -16
5 816 11
116 325 6
64 6 8
542 220 -18
369 113 20
224 772 3
595 315 12
902 150 12
568 733 20
28 620 5
859 127 15
425 327 7
852 429 2
58 642 9
88 560 11
947 959 -13
860 532 -1
72 990 -9
225 509 15
834 154 -5
742 634 -15
596 580 -8
840 955 -6
291 545 -4
860 263 -1
626 598 9
710 921 7
412 556 -15
983 201 -8
535 438 -15
52 51 10
205 29 9
667 556 -12
206 118 -12
164 140 8
590 184 3
56 239 -20
702 934 -5
749 753 17
906 440 19
691 421 15
191 374 0
831 567 -11
124 374 17
864 860 -18
481 654 -17
196 208 -7
312 683 15
571 504 -15
42 239 -11
510 706 -14
356 453 7
855 870 -20
226 186 -4
21 807 -2
513 609 14
308 686 -11
886 738 -9
26 180 -3
866 280 9
54 770 -4
357 4 18
509 877 15
382 643 8
545 447 12
657 38 -11
50 455 -8
974 200 14
263 900 12
506 480 8
525 102 6
543 532 5
698 301 -15
805 45 4
102 385 11
641 232 17
124 3 3
72 257 6
244 1 10
388 884 -6
620 753 -5
752 372 2
886 89 6
785 889 -19
557 4 13
676 411 -15
992 707 17
986 869 15
270 561 11
640 636 17
322 632 -1
859 874 -8
535 552 -15
132 424 -18
100 449 -20
635 755 17
457 276 -20
968 829 8
614 474 15
293 702 10
224 367 17
525 294 -17
942 813 -9
222 362 -10
921 411 -14
754 385 10
188 575 -9
443 707 -2
26 184 16
746 267 13
899 515 -18
312 598 4
269 190 16
358 785 -1
393 235 -9
37 697 -12
921 722 5
19 144 -8
916 852 -15
557 663 -18
229 49 -15
405 660 8
900 626 13
491 439 12
604 115 -3
981 803 -2
487 450 -6
743 324 12
981 947 -16
433 549 16
225 597 -6
209 774 20
322 721 -18
96 775 -6
360 31 -4
477 110 16
796 596 -2
201 824 -18
204 118 2
249 284 -6
939 903 15
244 454 10
601 525 -11
52 264 16
989 728 18
417 669 -15
124 220 -6
79 993 -8
583 224 19
247 743 -16
62 114 8
826 324 7
760 925 1
159 341 7
957 737 8
748 950 1
388 788 7
733 460 -10
732 50 0
617 202 -4
22 918 -6
376 384 20
641 961 -14
208 978 20
527 816 6
286 805 -14
871 775 15
493 466 5
167 477 3
166 802 10
661 538 5
960 607 -14
908 911 -11
417 127 5
291 629 -13
683 667 -9
849 615 -15
949 558 -17
870 179 2
886 243 -17
896 976 1
313 293 -11
568 38 -2
800 215 -20
325 429 -4
135 713 7
282 181 18
33 959 10
614 198 3
601 760 2
127 595 -19
574 912 -6
555 575 -6
335 194 -6
848 20 0
622 152 0
238 889 8
652 316 -15
717 728 6
769 772 11
20 707 16
298 416 -8
929 344 4
316 154 -17
181 825 10
861 285 0
315 623 -8
176 907 -12
598 881 -19
141 0 0
551 268 -13
119 464 14
348 605 -15
767 507 2
580 573 4
32 136 -9
106 873 7
698 989 7
688 746 -9
118 612 -18
727 344 14
296 440 1
632 623 -9
202 463 3
506 204 -3
374 325 -9
707 643 13
444 857 -8
49 580 -10
383 608 -7
625 11 -10
354 283 17
785 683 8
520 1 -1
161 875 -13
322 807 13
623 10 -4
984 443 19
331 805 1
723 736 4
963 365 14
187 645 14
446 684 0
873 878 9
988 529 4
870 174 -18
900 896 -5
355 561 16
187 328 0
190 331 15
857 959 -20
703 242 -14
306 953 0
288 925 -17
201 182 12
974 592 18
139 838 8
926 957 13
811 297 9
832 905 7
2 461 -16
98 66 11
82 483 -1
248 740 -1
507 129 -2
183 141 14
496 856 -16
710 18 -1
651 336 -13
605 648 -18
215 835 -2
969 353 -15
102 984 10
356 266 14
483 936 1
305 711 11
738 411 11
662 310 9
428 178 -16
276 188 5
551 869 6
68 618 -11
735 486 -2
308 176 -3
962 378 17
380 883 -20
582 873 -17
14 141 -20
931 512 -2
959 925 -17
215 952 -11
736 439 13
277 807 -17
795 163 -11
12 201 -6
528 635 1
512 253 6
140 536 15
617 215 -18
226 594 -10
582 93 -1
538 239 13
724 768 -14
884 632 10
256 64 14
774 532 -18
85 818 -11
633 54 4
399 663 -4
595 182 -5
12 712 -7
475 859 8
833 90 16
611 123 -9
740 827 12
794 894 16
885 814 2
901 407 -17
389 98 -20
112 505 -9
218 121 11
602 342 -8
238 179 16
344 407 12
454 771 4
101 968 -16
308 685 -15
404 949 -12
856 479 18
898 354 -17
534 720 -18
836 479 0
76 108 2
320 168 17
457 22 11
692 568 -3
194 610 -9
941 313 -12
606 826 -19
867 438 -10
186 852 9
837 493 -9
499 844 3
161 371 -9
131 795 -15
560 113 -12
590 228 5
453 288 -13
343 968 -18
271 534 -3
416 650 -13
725 714 15
537 731 0
980 662 10
703 676 -12
756 879 13
378 798 -18
538 784 -10
204 42 10
907 895 -5
233 75 12
580 111 -5
486 679 -2
482 988 18
109 800 3
744 454 -16
708 158 10
856 680 -11
376 801 -12
914 695 20
352 849 11
101 29 -20
984 13 3
487 953 5
468 790 -7
265 690 -10
278 225 7
60 684 -16
44 27 -17
401 660 -1
819 955 15
761 393 -20
509 437 -17
462 851 19
288 958 -8
751 796 -18
510 878 19
254 609 12
918 107 -18
706 411 -9
623 675 2
342 110 13
933 170 -9
450 870 -18
377 886 12
618 292 15
613 149 -12
571 161 -3
193 127 -5
682 493 1
704 768 -15
605 304 -4
300 576 14
997 434 9
579 533 -3
566 145 -19
90 770 -7
663 579 4
309 342 -1
610 777 -1
456 680 17
345 368 -13
793 612 5
368 347 -13
438 762 20
850 620 -5
943 873 15
412 272 3
262 972 -13
917 446 -15
550 87 -6
590 447 -6
828 975 -3
372 912 -15
438 944 1
877 332 15
282 564 7
728 871 -7
33 305 6
366 737 9
685 994 -13
289 856 -9
902 617 -9
172 217 15
330 89 -20
566 550 5
683 157 -17
8 746 7
283 764 -11
722 170 8
871 691 13
862 868 -6
11 637 19
363 588 -12
519 527 17
988 494 3
606 33 3
29 978 -14
282 453 -9
310 126 -1
48 949 4
857 886 -1
282 618 -9
63 210 5
173 422 -20
295 211 -10
536 748 3
942 585 1
502 739 -1
807 94 14
369 331 2
310 875 -14
420 752 3
548 333 -8
166 302 7
280 53 18
359 487 -12
716 346 11
128 435 18
497 873 -11
912 273 13
22 872 -20
725 630 -11
217 253 -14
422 317 -3
33 906 -19
210 911 10
267 864 6
452 29 2
703 536 -3
79 766 -2
481 515 19
578 173 -6
213 49 -19
943 917 -19
251 183 -4
968 615 -8
325 601 -1
119 404 -15
782 335 1
18 624 -19
328 899 19
947 555 -8
578 448 20
307 184 2
798 124 13
64 902 13
157 169 -5
949 209 8
52 432 1
278 499 -2
549 996 -15
548 485 0
252 494 19
239 226 -11
51 829 17
106 743 -10
324 844 9
23 363 7
986 26 -7
53 379 12
447 810 14
775 897 -3
485 276 -13
716 134 17
483 616 9
947 613 -11
737 457 12
262 199 -2
553 696 -13
377 606 11
413 232 7
559 48 14
378 679 5
567 1 19
555 547 -14
535 364 -3
260 2 18
388 400 1
601 853 14
83 574 11
356 47 11
911 946 17
647 902 -20
519 198 14
364 396 -20
532 193 13
448 638 -4
533 708 -2
161 608 6
113 810 -13
807 336 15
14 785 15
620 212 -14
894 380 12
673 823 15
587 915 10
639 452 -8
650 405 -4
582 323 -13
464 892 6
714 808 14
516 663 15
992 88 -20
171 71 20
588 27 16
964 185 19
896 716 10
492 764 11
344 22 -15
797 137 -9
236 946 6
688 789 5
638 96 -9
590 270 14
739 449 17
401 881 -4
119 328 -16
376 837 -20
782 256 15
491 191 -15
473 604 -7
977 575 15
519 62 8
272 219 2
858 598 -19
766 114 6
150 988 -20
565 897 18
23 710 -17
294 932 0
574 398 1
294 142 -5
913 643 11
593 569 9
688 584 -2
20 652 4
520 901 16
169 755 9
507 672 11
671 446 -10
576 761 14
723 495 -2
439 308 -8
192 610 0
898 700 -11
892 227 10
425 438 -20
349 465 0
587 544 -2
622 774 -12
182 14 -19
990 164 -9
657 277 19
758 657 12
216 779 -6
267 322 -1
769 792 2
564 498 12
61 800 -14
734 696 0
654 781 14
235 728 -9
698 121 -4
616 829 16
583 973 13
582 687 5
612 8 -6
676 960 -18
26 695 2
217 796 -19
232 860 -19
916 110 10
54 685 -2
963 162 -10
564 687 8
136 950 10
489 55 -17
542 250 9
89 743 -11
456 843 20
100 475 -3
937 624 11
24 166 15
559 526 18
568 623 6
203 919 -3
941 366 -17
587 150 -13
845 573 18
420 73 -9
623 556 -18
331 506 -17
386 665 -2
658 456 -8
752 880 -18
858 235 10
533 175 13
710 538 11
753 152 17
755 456 -18
843 725 15
413 913 -14
237 121 10
519 804 18
308 733 -12
575 91 11
942 260 13
126 144 12
916 566 -19
783 51 11
734 585 0
61 481 10
735 209 6
824 502 -5
409 143 -11
279 899 3
933 582 0
259 422 -12
179 526 15
428 899 -5
161 733 -19
105 137 6
816 168 -10
144 270 -8
199 580 -14
313 381 3
304 634 -15
681 514 7
184 96 20
513 83 7
821 613 14
372 658 -15
172 325 -5
927 806 -16
118 123 10
721 589 -8
139 813 17
891 348 -12
232 432 -18
995 69 16
310 283 -6
602 433 12
480 117 13
70 498 -19
73 806 7
74 636 -12
226 771 14
87 521 5
184 102 -5
375 455 6
183 239 7
264 690 -6
998 15 9
173 643 -20
203 510 7
738 225 -7
400 756 -20
677 264 0
263 344 17
520 635 -6
821 792 9
765 625 12
379 444 11
241 973 18
123 741 -17
371 161 -10
240 615 -13
861 386 14
621 494 -13
150 127 -13
155 948 -10
491 373 1
54 125 -17
600 86 17
5 84 17
480 129 16
566 995 9
460 800 0
612 216 3
460 295 8
792 648 0
821 513 -2
393 180 17
727 21 9
669 894 -2
962 840 -8
831 869 -10
589 310 8
91 97 -16
229 658 13
815 343 -12
308 220 15
520 238 -16
884 329 -4
666 328 12
127 272 -12
424 489 -20
42 153 11
98 945 -17
309 276 -9
192 322 -6
644 429 17
965 64 -19
976 913 0
918 88 13
773 772 17
448 610 13
447 525 -10
784 36 -3
464 950 11
580 817 -2
803 296 18
521 642 16
955 41 2
593 155 14
914 80 -4
8 867 -12
35 428 -8
702 316 11
614 845 -12
381 624 13
970 301 -2
331 312 17
370 978 8
913 55 -14
637 216 14
242 633 -3
983 750 7
546 868 11
303 788 -11
967 262 10
139 657 -5
1 607 -13
260 846 -9
192 572 6
10 350 2
118 996 14
490 966 1
551 332 0
377 609 -15
35 751 -4
109 179 -13
414 690 -4
646 154 12
128 743 5
919 966 -18
296 921 -4
337 32 4
170 301 16
117 654 3
339 999 8
517 546 -2
535 507 11
858 942 19
36 876 1
745 466 -18
581 565 -6
471 917 -3
376 159 -4
130 455 9
364 157 -3
880 544 -19
713 668 -17
378 816 6
858 500 -17
651 477 4
727 615 6
249 388 -14
204 393 -2
514 543 17
640 923 -12
352 757 12
277 270 -18
123 446 -9
481 639 2
985 269 -6
740 411 16
224 274 6
76 626 14
193 691 6
753 987 4
123 985 1
227 391 8
55 321 -13
686 121 -15
64 824 -7
861 606 20
946 558 17
167 278 11
652 707 14
409 885 1
775 985 18
80 97 -7
940 483 -17
717 525 13
155 533 11
585 58 -12
743 264 17
510 415 -9
581 864 -3
143 838 11
549 341 10
135 353 0
657 367 0
492 214 -8
504 243 -17
719 4 -20
517 925 9
52 644 15
985 619 -14
982 445 -11
533 495 13
527 846 2
178 423 18
106 347 10
464 644 -20
66 492 12
559 569 -15
176 527 -2
774 189 -4
239 874 -10
166 571 8
133 640 14
255 455 10
636 159 18
610 30 -16
416 942 14
19 305 14
963 732 6
46 67 15
818 351 -6
36 934 -5
101 279 -13
742 535 -9
487 559 -8
55 124 14
785 225 5
445 193 19
681 326 16
942 328 -18
511 148 17
343 914 16
30 697 -18
537 992 14
234 997 20
778 395 -12
672 46 -4
911 231 6
518 658 19
816 820 9
706 253 10
350 556 -16
556 718 14
462 340 4
171 956 7
188 439 -1
340 593 -10
899 862 6
494 871 -11
271 952 11
907 774 8
766 876 9
27 493 -8
846 774 -11
320 914 6
655 749 -14
539 495 10
855 753 -1
423 896 -19
968 181 8
76 778 16
612 342 -14
171 31 6
52 515 14
683 466 -13
103 486 -13
55 672 15
624 943 -15
797 443 -9
196 505 12
967 386 -16
249 435 20
831 198 9
673 969 6
126 208 -6
843 815 -4
15 375 17
729 801 7
637 710 14
307 335 3
873 303 -19
704 416 0
199 713 7
968 991 -14
972 521 15
239 858 -15
678 44 -1
419 599 5
910 341 8
331 722 15
465 150 17
9 971 -19
398 445 12
393 359 -3
846 160 16
171 767 -20
183 611 0
269 519 1
997 389 -16
96 184 18
751 417 -6
400 628 -5
959 836 -8
853 419 -18
520 726 -2
381 612 -8
13 848 7
457 60 -2
218 470 -13
458 959 8
346 493 -18
425 224 1
927 842 11
981 687 -6
162 269 9
778 450 7
269 403 -2
25 584 -17
125 601 -9
818 833 10
884 998 -20
64 204 1
210 26 -16
327 462 -5
91 863 -4
297 466 -15
960 526 20
251 346 2
932 198 14
704 86 -2
938 589 -1
151 576 -5
914 426 11
652 199 17
561 538 20
915 254 6
245 104 3
288 957 -1
312 171 -12
376 22 3
393 774 -10
112 39 -1
52 715 -4
58 815 -14
769 167 18
478 383 18
738 535 0
953 280 -13
703 846 9
616 342 12
745 963 10
283 820 -12
194 801 -19
756 358 -5
91 435 -9
57 269 -7
202 401 -6
576 76 4
812 30 10
444 48 1
721 854 16
891 71 -5
232 654 -5
528 33 6
681 9 -19
413 322 -2
438 315 -12
618 390 -6
71 53 -3
695 824 7
216 260 -11
942 628 15
391 426 6
710 918 7
813 527 -16
272 62 -1
724 812 -1
6 227 -17
518 226 5
772 345 19
724 941 4
94 988 9
451 554 -17
117 51 18
580 842 6
720 636 -9
674 711 3
484 297 20
966 469 -3
205 414 10
297 633 -1
790 202 -10
213 138 1
920 415 -4
667 560 -5
635 923 -16
174 264 8
745 323 -2
498 978 -10
279 635 4
316 945 -8
40 343 -14
609 735 -3
797 520 15
487 668 -1
931 306 -1
190 747 4
669 681 14
996 867 8
790 312 9
54 479 16
139 691 19
260 84 -14
628 256 -11
363 426 5
22 405 6
517 7 -4
926 578 20
642 931 12
618 441 13
115 720 19
389 939 9
176 654 14
725 158 1
968 816 20
311 569 2
423 595 13
230 212 -17
934 580 6
135 680 -13
362 308 -15
649 104 -18
479 129 10
87 363 10
716 227 -9
685 337 -10
797 830 -3
744 400 1
781 545 3
781 911 5
49 697 -6
666 701 -11
597 780 -16
10 633 10
652 644 16
785 394 3
839 186 -4
817 597 6
103 539 -6
389 278 -11
795 987 -2
210 689 -20
381 645 -17
672 104 9
531 785 -5
472 513 -5
629 783 3
426 574 9
866 501 17
740 435 11
872 665 20
387 690 -15
290 508 8
141 37 9
888 23 -6
411 830 -20
37 137 7
927 138 -20
752 452 5
679 438 6
723 490 7
367 330 -17
864 525 -6
749 682 0
852 322 8
361 108 -6
90 90 13
150 916 6
140 865 -14
324 386 20
783 15 15
142 197 -11
726 879 -7
695 333 17
698 85 0
725 53 -16
486 743 -20
410 74 12
361 515 11
824 8 -11
164 680 3
970 545 18
332 189 11
67 21 16
622 4 -20
440 999 -19
124 899 9
899 859 -18
707 945 0
72 864 7
700 259 -3
156 893 -3
677 598 13
954 937 8
145 494 -4
241 826 19
722 471 -8
208 50 6
363 566 -15
237 98 -17
300 892 -4
394 4 1
33 398 8
928 413 12
778 394 -11
362 691 -13
215 625 -5
710 328 2
448 890 16
256 760 4
856 483 -16
519 608 -12
890 988 -11
193 561 12
733 210 -3
65 196 -8
726 156 0
145 744 6
378 205 9
999 575 -18
869 208 13
102 316 17
435 895 8
583 322 -2
682 594 -2
935 737 -18
974 944 -17
605 341 -18
740 935 9
634 301 19
584 700 7
479 629 -11
617 842 -3
270 199 13
250 367 20
125 250 -9
200 911 -13
724 731 -9
151 341 -18
140 982 19
158 692 -17
531 906 9
15 382 17
654 550 15
295 783 12
29 685 12
282 585 -11
625 164 2
308 29 -7
50 265 -12
66 132 -18
510 176 -14
329 531 10
152 661 -10
938 874 2
46 21 -18
732 656 12
203 717 12
823 687 20
555 909 -7
19 67 8
14 461 10
460 272 15
195 814 6
312 418 11
270 317 -11
277 80 -1
507 72 13
147 667 10
349 898 -10
867 213 -6
317 950 19
691 774 7
828 17 -6
225 505 20
761 815 14
455 3 17
765 767 -1
436 979 -4
208 650 20
913 570 0
31 273 -14
496 549 19
140 19 -12
749 244 13
717 618 -6
948 852 -11
664 952 0
889 716 11
22 989 -1
566 680 -4
711 161 8
708 599 -19
117 447 15
403 674 8
864 54 4
919 349 -12
515 443 -14
124 66 -14
52 539 4
871 244 -10
565 529 4
340 463 -11
94 325 7
576 312 -4
455 314 4
297 496 20
716 846 -15
115 663 -15
369 35 -8
334 538 2
892 472 -4
584 692 -3
900 132 -1
489 944 -3
689 410 -13
866 473 2
517 396 20
81 749 13
524 652 -3
464 674 17
344 335 9
500 136 14
701 374 16
734 201 -5
766 360 -4
214 12 15
652 90 6
715 757 20
683 430 -3
172 864 12
833 310 2
589 459 -3
558 100 -4
101 347 -1
284 311 -18
486 103 -8
645 244 13
737 83 -16
701 486 -12
738 103 -10
413 356 5
343 28 16
216 632 4
60 107 -9
651 290 -8
294 430 -13
946 861 -12
685 196 11
828 733 -12
798 991 5
367 620 -8
281 147 -11
195 731 11
799 480 18
844 373 2
384 419 1
504 249 -16
272 445 -20
616 821 4
821 215 17
834 83 -9
434 818 -10
568 715 18
809 12 2
335 367 -2
414 654 13
360 924 5
124 715 13
928 824 -19
70 27 -3
682 619 -1
380 357 0
463 198 7
736 54 -8
961 550 14
386 335 7
295 588 8
154 883 12
490 505 13
284 908 12
138 55 -18
544 121 2
213 816 -6
89 47 -13
596 648 -1
918 311 -6
372 665 20
778 399 -6
176 273 -8
922 774 -10
682 485 12
823 636 8
198 238 -16
121 550 -3
518 364 13
162 506 -5
837 735 -6
536 295 15
36 819 8
507 296 -2
561 983 -5
89 826 -15
928 634 -8
699 608 -7
48 316 -11
170 558 0
892 447 2
391 572 -18
493 460 18
24 228 15
784 497 14
985 485 -3
566 421 -4
973 973 13
439 955 -9
706 903 17
719 529 8
271 646 18
772 163 -14
886 207 -4
177 937 -6
138 498 20
203 538 -10
734 965 5
302 774 -2
404 446 17
199 988 18
261 453 7
669 21 -11
180 708 12
969 918 13
587 866 2
376 563 -11
49 111 -18
46 450 -2
666 430 -18
926 195 -8
125 793 -4
702 465 5
626 948 -10
384 491 -16
932 970 3
108 704 -5
304 695 2
184 650 13
791 222 -15
898 186 14
15 250 -5
224 355 -4
339 430 14
383 626 17
791 450 3
917 781 0
964 524 -12
517 795 -4
549 903 9
772 394 -7
100 341 -3
897 300 -19
18 505 -11
794 301 6
154 719 -2
268 238 7
359 60 2
281 293 -6
391 515 -8
17 430 -2
852 986 -5
959 889 2
584 935 10
34 174 8
811 438 -9
576 130 5
810 452 18
602 108 -19
803 659 1
599 127 -4
592 376 -7
964 466 19
109 770 -16
658 909 8
547 656 -7
586 54 -15
17 383 -18
724 626 13
291 104 10
313 368 -6
300 768 -6
380 983 -15
583 53 -13
358 164 5
286 853 3
945 33 -9
685 791 -2
25 160 -18
66 177 -12
14 289 15
428 913 -3
679 759 4
101 989 3
488 853 -2
404 969 -11
166 640 16
192 808 20
66 689 10
665 754 0
741 993 6
568 149 18
365 413 0
872 666 12
648 243 -3
595 476 17
72 258 4
207 102 -7
835 110 13
981 549 -20
827 278 4
569 48 0
823 238 -2
379 293 -9
281 662 -3
518 168 6
849 643 5
828 936 -17
928 207 3
256 540 -5
603 990 15
777 317 19
236 416 6
830 99 15
7 388 17
331 309 -4
488 839 11
212 482 -1
24 628 4
511 470 -9
700 826 4
48 528 3
380 363 6
728 627 -18
692 101 -6
475 513 17
571 544 0
972 110 20
637 857 -7
755 926 -3
925 843 5
307 990 13
835 692 13
193 638 -1
115 22 16
925 43 3
351 200 12
843 269 -10
890 349 -3
379 424 -18
112 400 16
242 843 4
560 639 -2
305 364 3
958 138 -4
28 890 -19
176 985 0
227 845 9
36 735 -3
989 534 -4
764 699 -19
319 444 -13
337 593 11
95 138 0
176 919 -9
316 889 15
165 927 13
25 63 -7
776 485 -3
523 475 -16
955 516 0
485 476 -20
289 496 -16
576 633 -9
830 302 -16
497 135 20
704 443 -12
663 174 10
888 250 -17
275 626 -3
216 598 -1
293 26 -11
26 598 10
367 747 19
156 557 7
36 778 -7
338 480 11
517 261 11
743 693 -20
340 1 -4
622 829 -14
638 364 6
311 297 -1
807 194 5
774 378 -14
436 1 -1
329 620 15
205 488 -4
156 312 -10
340 850 -7
49 656 20
770 317 16
510 705 4
644 421 -14
980 627 -15
884 125 7
380 771 12
850 791 20
871 166 -10
482 813 20
118 375 -20
977 862 14
448 618 12
218 751 7
243 844 -4
162 48 6
937 684 8
815 818 7
492 579 1
581 833 -15
581 146 17
437 444 15
705 680 20
319 956 15
388 802 0
433 963 -17
944 896 -9
289 965 3
476 58 -1
348 365 -16
798 438 0
960 104 -2
673 99 -5
866 791 -14
268 685 16
278 575 -9
500 338 -9
860 700 -7
260 35 -11
576 589 -9
123 710 19
962 57 -13
969 835 -6
891 422 10
328 692 9
424 425 -17
76 764 18
691 161 10
207 604 3
121 574 -12
460 478 -10
652 558 -7
34 357 19
779 480 -18
232 547 9
470 211 11
643 264 -19
308 221 6
347 944 -12
967 226 -9
532 135 3
348 994 -13
191 427 -19
95 421 -20
467 160 18
267 980 10
745 7 -19
381 764 -7
523 722 -13
990 13 -5
578 918 10
670 811 -15
90 912 -18
757 676 14
915 296 -4
810 9 -4
201 843 -11
538 551 18
831 294 -19
311 951 -2
998 745 13
91 203 17
457 436 -20
510 181 0
711 343 17
592 841 -5
69 713 3
532 608 -7
102 977 -14
919 608 11
714 856 -17
816 467 -10
447 277 9
150 679 -7
889 794 6
762 297 -12
36 981 -6
817 814 5
149 921 17
297 38 7
155 360 10
380 405 -1
754 424 2
508 183 13
740 785 -6
436 290 -7
779 751 -10
877 562 -13
939 807 -6
125 780 0
235 941 -12
719 839 -13
356 456 -1
806 824 -19
687 584 11
539 850 6
912 873 -2
365 428 11
293 466 4
707 668 -6
502 334 4
486 41 -18
859 827 16
674 671 5
381 918 -4
592 590 -3
986 421 14
535 854 -17
460 859 16
330 467 -12
828 941 3
675 682 5
503 424 -11
933 678 11
333 444 10
930 156 4
992 996 -11
827 807 -17
767 786 -13
820 820 20
308 964 -2
902 435 11
230 928 5
64 96 -4
534 609 20
641 747 14
553 982 10
88 589 -20
464 777 -10
647 363 -9
345 563 16
715 280 -11
563 421 -12
465 536 -11
715 712 11
905 552 0
496 348 -1
799 535 3
692 52 -13
909 573 -16
49 486 -14
289 802 19
442 885 14
994 35 -13
946 778 -8
366 615 -6
890 555 13
556 149 -19
75 431 13
702 677 9
682 103 11
910 235 2
805 227 9
987 731 -17
336 691 10
912 29 -8
37 682 -13
591 606 0
482 943 -7
981 53 19
556 38 1
682 267 -6
209 893 -1
17 666 9
132 414 14
769 828 -9
840 335 8
862 98 1
675 875 13
306 165 17
940 159 2
723 58 17
609 18 6
549 316 11
209 188 -17
858 49 -6
519 586 -10
243 703 -14
513 759 12
592 537 -4
775 50 6
998 145 -14
406 635 12
358 131 4
722 545 2
367 644 -14
171 927 7
534 375 -10
950 186 9
562 240 -8
326 763 4
107 682 20
424 485 9
348 373 -17
836 73 -4
615 959 12
0 814 13
694 232 -10
66 861 17
816 785 -16
555 954 -15
116 369 -16
8 734 -10
65 506 7
995 438 13
117 535 8
360 46 5
157 883 16
579 888 10
494 194 -2
628 330 13
350 4 3
477 346 13
710 655 15
364 709 -11
730 790 14
40 855 -9
180 561 1
617 149 1
680 634 -4
912 61 -12
844 309 -2
149 395 -20
272 11 11
84 462 16
401 573 -6
702 158 3
427 83 -16
956 686 7
893 268 -12
442 527 20
976 34 11
936 936 3
739 343 4
679 929 10
212 79 -16
872 464 2
500 304 1
731 42 -17
691 915 10
719 231 4
827 86 6
688 526 -4
144 80 -9
815 233 -12
786 896 1
936 389 -5
636 952 -5
945 131 -14
891 154 3
350 649 13
333 823 15
801 174 0
405 962 -2
470 502 -15
53 698 -4
946 411 11
198 312 -13
479 241 -14
940 920 6
643 749 -14
734 660 9
569 366 -20
788 989 13
395 740 -10
9 36 1
39 671 6
640 561 9
964 424 -19
563 80 18
530 634 5
741 138 14
324 316 11
955 775 5
387 968 15
4 938 -10
846 558 -3
377 664 -7
254 377 16
496 134 -7
747 942 9
630 733 17
321 704 8
87 301 12
700 802 -3
619 735 -14
644 435 -10
302 151 19
147 403 -8
910 759 4
725 865 -17
574 486 14
871 673 -13
77 616 5
500 534 -2
851 858 -12
57 581 -14
967 970 11
14 985 10
635 874 -2
994 853 0
623 895 1
736 466 14
804 877 3
779 897 4
281 604 -11
980 365 -12
414 223 17
907 455 -4
684 818 -16
433 546 11
564 325 14
526 255 -8
746 210 -10
408 323 -20
181 581 -20
306 341 12
104 746 -14
239 77 -8
698 884 9
804 513 19
104 289 -8
790 620 -4
219 137 5
907 930 -15
70 365 -8
456 437 7
280 771 -2
280 22 -3
620 115 -20
280 364 -3
809 396 16
17 930 16
332 22 12
306 475 -8
695 284 -4
354 630 15
476 616 -1
714 931 2
345 72 1
471 873 11
710 152 4
633 338 -18
251 472 19
702 637 -4
662 733 -6
828 623 -10
600 904 -7
896 735 -15
900 843 0
926 726 -8
47 94 13
114 830 -4
239 158 15
218 273 18
909 357 -16
675 100 12
470 499 15
667 620 -13
601 31 -5
713 571 -10
600 678 -4
914 308 -15
949 917 -7
578 432 -4
792 919 2
423 0 6
151 434 7
305 490 -8
941 630 17
788 641 17
567 924 -2
579 177 -8
390 958 9
332 746 -17
971 757 15
60 914 17
632 547 14
541 473 16
952 655 -18
985 127 10
994 863 -10
481 833 1
729 925 14
243 579 18
767 890 -16
169 431 9
68 110 -9
565 993 -3
757 944 13
828 46 -19
665 219 -10
690 635 -17
349 157 -9
505 320 9
275 550 0
394 835 -14
48 308 11
499 930 -13
882 427 -8
832 910 0
854 280 1
956 429 13
660 201 10
548 389 -12
943 973 18
16 237 -19
425 689 17
184 494 5
364 504 -16
985 311 12
551 193 13
26 705 18
177 373 18
327 247 -14
316 862 -2
144 215 10
983 209 15
253 581 -4
424 337 -17
818 263 20
9 996 -10
51 413 5
517 186 -6
645 214 -5
777 412 13
864 820 18
687 258 -12
915 807 1
168 609 18
800 2 15
859 684 -9
738 991 -16
376 894 12
97 463 -1
192 669 16
649 583 -11
417 414 -20
864 353 14
609 718 15
14 181 13
24 124 -12
329 920 18
395 657 -3
450 746 19
808 163 8
286 549 18
569 591 -1
32 543 -13
617 53 -8
324 413 3
821 930 -18
361 656 14
319 360 13
708 72 -1
697 273 -6
9 37 -20
502 986 12
566 683 5
988 751 -9
646 561 -14
96 996 20
325 678 1
460 307 17
392 486 16
158 69 -9
401 982 13
94 874 16
399 374 3
425 462 -19
517 340 18
552 418 16
539 232 -2
520 272 7
332 990 -4
410 399 -6
327 147 11
219 822 13
974 786 -9
469 336 15
10 11 -12
289 884 -9
318 943 -18
83 15 6
457 216 -16
330 651 -4
485 949 8
750 107 9
780 811 12
670 388 20
29 80 20
19 485 5
827 389 -1
104 999 -12
244 444 8
663 741 15
687 528 -5
566 406 5
409 727 6
785 737 10
23 939 5
823 579 -19
496 534 -8
443 455 -3
867 628 1
483 808 -12
460 388 -11
328 845 -19
746 467 6
649 516 14
161 229 7
246 137 18
951 644 19
530 684 -11
708 582 17
216 304 -12
684 371 -2
994 469 12
248 841 -11
580 461 14
113 459 -15
369 496 -2
290 542 -5
151 930 18
660 797 15
331 515 6
350 538 19
819 72 -3
865 257 4
121 807 6
861 450 5
968 839 11
648 122 -10
134 995 -20
670 68 -1
1 708 -15
167 964 -2
117 44 -15
502 764 7
449 490 -17
673 355 7
812 626 0
552 806 11
110 895 10
673 27 -7
417 674 -5
479 596 1
87 831 6
157 325 -9
201 889 15
979 328 -16
834 334 19
537 674 -4
307 482 -3
993 446 -2
976 232 20
977 115 -20
747 16 -1
926 64 17
364 663 -17
127 487 13
662 139 -16
313 827 -6
318 869 8
469 613 -2
513 846 3
4 254 5
546 751 11
804 364 -12
335 465 9
55 564 -10
55 99 20
918 482 20
349 881 5
142 136 -16
836 796 -12
253 442 -19
882 248 -14
732 136 -2
720 212 0
459 593 15
338 295 -11
52 752 7
760 410 17
286 547 7
108 556 6
503 571 -20
207 364 -9
176 322 -9
839 397 15
858 638 4
322 227 6
566 175 -7
858 746 -13
28 428 8
589 642 5
150 830 -18
586 404 -7
629 984 -19
767 22 -18
737 818 19
614 681 2
578 891 -18
323 995 11
361 687 19
83 152 11
63 389 -5
83 415 16
376 783 -14
468 493 19
66 696 -18
569 491 1
668 332 5
376 888 3
967 884 -7
452 832 10
360 943 -3
501 500 -18
866 783 11
129 559 -17
28 545 16
75 618 15
335 301 13
59 389 -15
825 561 7
478 608 -17
951 543 -13
144 420 -18
446 284 7
305 805 18
575 826 7
149 648 -12
918 959 15
697 264 8
285 645 -1
215 22 10
599 562 7
666 641 -13
480 521 -8
495 463 7
879 681 0
834 857 -7
600 711 -17
598 12 -2
184 618 4
642 998 -16
106 17 8
985 640 19
842 242 9
800 979 19
847 326 5
744 364 6
10 638 -9
750 542 5
775 845 -18
107 302 7
577 674 17
119 410 -7
796 856 8
873 414 -14
290 152 15
735 549 -5
610 461 14
548 483 -10
290 469 -2
709 112 15
409 925 14
503 526 0
457 547 -2
164 454 13
380 805 6
713 64 16
567 573 1
541 675 -14
751 459 11
507 311 9
448 999 6
19 678 -3
401 767 -1
94 374 12
595 2 -1
949 542 9
163 81 8
400 655 -15
512 169 -18
607 357 -3
466 158 11
599 861 -6
289 931 -5
851 908 9
555 224 -9
483 938 13
977 723 -16
221 892 -1
847 401 -4
720 788 20
735 791 -15
29 195 -2
155 781 16
566 555 -3
121 948 -18
113 935 -16
816 44 20
387 637 4
672 834 1
380 968 5
8 750 8
112 380 -6
521 336 -5
729 716 4
997 277 -3
458 787 -2
386 269 18
421 645 19
509 706 -11
639 651 -4
327 69 -17
152 509 14
880 199 0
969 569 -17
32 489 5
693 209 -4
152 199 3
499 465 3
708 914 -17
159 868 18
796 927 14
727 642 3
991 452 9
497 579 12
658 134 7
615 559 1
185 713 -18
145 680 15
286 437 12
615 991 7
733 768 -6
279 896 15
805 769 8
355 327 15
849 815 8
923 388 -1
175 272 -7
691 338 -1
474 632 16
726 547 0
6 630 9
839 567 -14
175 662 12
73 539 20
810 365 11
563 181 -14
278 200 1
356 482 17
621 78 17
277 974 -8
242 449 1
110 189 9
124 596 -10
431 728 -14
846 112 -10
870 480 -15
834 176 -12
147 548 -6
594 525 14
884 837 -17
558 179 14
194 186 6
543 447 11
934 188 -10
923 666 10
213 840 -3
581 363 0
401 670 8
417 744 19
240 462 20
641 796 16
580 675 -20
424 753 20
707 959 -19
275 58 -3
677 561 -10
340 613 -15
584 469 -4
760 76 10
413 30 -9
126 609 -4
402 119 17
567 722 -10
875 154 4
573 182 11
834 305 1
457 768 1
350 883 8
191 202 -16
324 436 -17
161 534 13
160 283 11
735 870 3
875 172 -5
936 100 14
754 877 15
566 497 -9
763 740 11
373 343 -4
691 87 -14
47 714 -8
901 368 19
416 393 18
74 287 18
223 130 10
6 334 -16
88 382 5
97 337 14
91 350 4
730 687 -5
440 47 14
603 341 15
116 536 -7
286 493 -5
74 418 19
731 171 -14
804 301 -20
438 33 19
521 835 -8
839 14 -20
253 801 -3
536 74 20
635 155 12
261 806 -11
262 308 -7
481 175 17
183 192 19
873 69 -17
271 50 -16
379 368 14
786 160 -16
676 135 9
221 458 -1
777 591 3
297 716 10
16 200 16
478 472 -1
217 228 -5
172 671 9
351 888 17
585 685 13
571 683 10
45 592 -14
840 43 0
819 200 9
188 692 -3
222 888 7
754 330 -13
216 911 1
84 532 -11
188 489 -3
712 914 10
892 151 -16
434 912 4
150 232 -6
812 366 -19
189 564 6
690 186 20
83 120 -17
59 622 5
398 860 14
43 570 3
150 618 11
908 325 -3
353 156 -4
111 542 -7
237 134 12
119 581 7
427 8 -16
504 651 20
661 664 -18
216 565 -16
156 5 8
304 671 -18
805 31 5
474 424 -11
525 756 0
822 683 -13
706 130 6
304 567 17
69 595 9
318 152 -4
825 502 5
517 520 -20
13 496 -19
233 12 -8
929 12 -15
75 523 14
109 535 20
293 617 19
882 705 -19
946 750 14
869 87 -6
284 552 4
44 400 -17
144 317 3
299 433 2
205 333 19
16 566 1
902 477 1
301 986 0
396 267 6
959 957 -8
195 319 8
711 406 -4
926 663 17
355 313 2
98 387 13
860 726 -16
663 37 -3
652 634 -15
255 700 -15
256 662 12
202 632 -6
847 244 -5
584 590 -7
27 53 4
262 542 -5
339 547 -6
225 506 13
204 426 -2
656 375 3
688 708 6
891 599 -10
945 647 -11
429 997 -14
169 939 8
455 484 15
581 671 -19
531 862 -5
407 965 -11
526 26 7
226 26 8
849 728 -12
545 870 -7
106 659 2
47 466 15
285 372 6
817 149 -20
933 525 2
567 66 -9
513 433 -12
249 85 15
490 605 14
693 545 13
761 790 -20
450 296 1
208 321 -7
789 264 0
964 311 -11
554 771 -17
195 477 -7
473 47 5
861 584 1
764 473 4
960 945 10
109 150 2
824 165 19
241 481 15
781 211 11
979 702 -15
19 97 6
946 662 -1
601 125 0
351 306 -12
202 207 18
714 596 7
151 42 5
455 48 -16
847 370 -11
586 88 9
562 999 13
130 899 -4
133 739 13
204 622 -7
657 343 -18
310 965 -2
72 358 16
358 438 8
1 791 -11
77 750 9
790 89 19
760 937 -19
937 358 11
432 152 -1
646 767 -19
877 600 17
17 438 -1
780 74 -3
211 861 -5
818 288 -6
754 487 8
422 57 -20
494 283 -20
578 917 1
599 752 6
525 397 -8
702 51 -1
195 604 1
100 600 9
427 383 10
738 46 -8
845 155 19
106 404 -4
835 718 3
980 750 -19
160 353 20
300 173 -17
979 952 0
906 297 8
991 69 1
723 563 8
496 322 -6
190 990 15
144 787 -12
879 206 -13
913 178 7
929 213 19
221 869 -8
214 615 0
726 438 -2
118 67 -8
142 853 11
520 473 -11
105 235 -4
351 215 -10
892 920 0
370 349 -14
727 911 18
788 308 5
419 566 19
105 445 -3
904 412 14
341 397 17
309 638 10
988 967 -4
687 14 11
909 475 11
213 400 -19
542 752 -7
616 956 -11
58 862 1
790 673 15
639 740 9
12 117 -14
959 497 19
30 259 -3
171 8 0
744 586 20
238 858 16
322 551 6
825 721 -13
949 423 -11
77 744 5
785 254 0
49 639 3
7 501 -19
805 880 -14
349 47 17
598 196 17
890 297 -3
727 345 -4
163 58 5
406 613 8
605 5 -8
793 594 5
182 745 -16
824 476 -8
67 645 3
150 944 -7
236 277 6
312 703 -9
181 788 1
568 698 15
670 976 -6
663 187 -12
497 183 -5
879 750 -5
963 424 18
390 642 -5
42 175 18
261 813 18
993 485 4
107 930 4
415 439 11
310 491 -17
8 357 16
212 358 -4
496 697 -3
314 131 -3
106 482 1
363 332 -12
371 570 -12
577 581 13
516 397 10
825 370 -15
95 624 -14
70 489 2
147 29 -10
845 313 -18
902 32 19
896 131 1
400 675 -1
68 646 8
949 21 5
311 247 17
362 143 19
980 968 11
201 459 2
136 737 0
619 351 -19
820 982 -19
299 362 -10
968 239 -5
31 170 16
79 650 -11
63 867 -8
977 444 2
982 380 -2
672 746 -2
729 240 -20
320 469 -19
824 937 -20
520 322 -1
254 444 18
247 451 -9
219 648 17
904 964 9
22 670 -14
200 619 4
284 228 5
756 973 7
265 127 -13
58 561 16
985 610 -14
461 280 13
387 885 18
749 193 17
291 710 -14
226 308 -12
98 266 -2
439 289 -7
538 681 -6
617 330 20
574 238 -4
332 948 10
388 769 19
755 57 -19
149 128 -18
131 423 -4
57 54 2
804 99 -20
224 699 15
875 638 4
965 334 -15
691 255 4
653 289 -7
372 818 10
995 338 20
472 415 -19
220 102 -1
99 118 -5
134 908 -5
944 482 16
342 914 -10
12 550 9
842 933 -16
770 788 -19
41 861 -1
891 340 14
235 150 -16
135 773 6
190 485 11
511 230 17
370 520 12
529 452 3
767 309 12
574 69 3
732 604 20
448 701 -9
198 433 0
465 557 -2
175 132 -9
513 535 12
630 895 12
379 640 -14
776 224 4
767 750 1
816 159 -19
928 878 13
151 22 -6
418 373 -17
451 616 11
763 520 5
690 56 -13
578 994 -17
812 151 -18
72 833 -17
502 175 -20
525 375 18
640 143 5
533 936 -3
880 731 12
935 889 5
466 759 -7
304 570 -4
997 833 -15
195 256 -18
284 931 4
1 89 -8
977 129 -16
906 237 15
73 263 17
177 304 3
832 443 9
661 877 -15
311 508 0
613 116 14
971 969 7
282 941 -3
164 234 -10
554 864 4
784 824 3
743 895 10
634 831 -9
211 208 -7
376 624 -11
739 698 -8
946 201 16
510 502 6
172 149 17
154 666 -19
31 114 19
898 203 11
752 782 1
817 419 -4
897 467 -16
802 829 -9
651 906 -1
599 800 20
902 419 -13
791 618 10
459 730 20
227 313 8
614 170 -11
594 16 3
564 219 20
373 738 -8
105 518 15
362 86 -20
51 364 14
526 858 6
130 730 -10
463 422 -14
245 73 -17
593 587 -7
140 990 6
355 930 -18
873 336 -12
733 244 9
376 872 11
17 249 8
494 771 -6
669 913 9
516 826 19
873 490 3
2 651 -3
408 86 -10
484 776 20
246 886 4
879 515 -3
879 257 4
975 949 5
174 406 17
802 584 18
947 406 0
109 50 -9
531 309 -20
44 721 -7
474 322 -1
462 245 1
960 756 -6
781 487 -6
715 90 -7
47 910 -10
977 642 12
910 141 1
794 958 9
260 397 -2
193 835 10
800 121 4
119 259 -15
486 87 14
379 396 -11
498 65 18
585 736 8
467 449 8
453 60 11
219 151 -12
939 368 20
116 186 17
147 859 9
536 694 -7
842 662 10
831 570 11
301 340 -6
929 521 3
67 136 10
438 104 3
304 234 7
671 31 5
144 476 3
702 154 -12
785 461 -5
339 189 -4
963 962 8
561 488 10
601 910 -17
598 283 -7
98 814 10
579 811 -6
135 827 0
154 599 16
320 135 -6
468 741 20
352 620 -20
783 385 -18
208 344 -13
934 772 11
446 46 11
645 562 14
103 204 -2
418 210 -11
181 891 3
26 370 15
84 501 -17
143 627 -3
64 405 11
620 80 5
774 645 18
270 453 5
326 951 -8
996 94 -11
129 659 -4
679 620 1
607 786 20
859 872 1
571 702 -9
736 884 -12
988 288 -1
571 892 -14
736 462 -6
995 243 -2
53 903 -17
163 370 5
649 518 3
644 88 0
671 75 -13
256 522 -2
466 485 16
100 627 17
905 303 14
392 666 -19
203 87 -16
371 780 -20
923 916 12
801 136 -19
468 524 10
210 924 -10
435 383 -14
417 941 5
612 297 20
385 476 -14
363 649 -20
559 155 15
200 721 9
658 86 -15
114 386 12
793 691 20
398 500 15
495 713 13
445 246 10
978 470 -15
650 172 19
401 862 16
488 473 18
373 104 -14
501 609 15
270 626 18
537 576 -12
146 584 -19
658 151 -2
657 290 10
560 554 -9
289 77 -17
849 697 -9
854 895 -4
766 516 -14
93 144 -15
681 208 14
353 422 -10
709 164 9
116 455 15
298 347 -15
676 835 -13
420 590 -6
889 761 -12
241 35 7
860 349 16
612 364 7
357 459 -3
52 199 -2
244 260 -12
46 291 -19
234 283 -2
132 53 6
562 24 10
474 5 -8
479 668 2
430 135 -8
958 66 17
308 633 -9
821 541 -17
396 955 -16
134 714 18
657 769 -4
185 469 -11
84 101 20
656 217 -12
153 379 18
274 532 15
115 138 -10
647 52 -19
271 693 -14
15 703 -6
145 92 -18
126 904 -9
725 500 6
481 143 -10
250 245 10
324 524 -11
882 260 10
49 787 -9
54 265 -10
614 540 9
390 846 -11
700 239 3
596 857 14
1 168 -3
587 687 -2
979 533 -19
976 236 20
578 67 -6
99 251 14
795 265 15
678 364 -1
351 992 15
627 553 -10
582 486 -1
285 879 4
175 22 14
807 448 -17
305 185 19
362 26 2
90 398 12
49 283 17
260 459 -5
764 952 -3
330 296 -7
257 995 -15
259 566 12
475 870 -7
944 794 12
483 728 7
869 549 -10
43 972 0
455 6 -10
296 126 -2
459 82 7
795 137 -8
28 795 -19
355 599 -17
150 394 -4
847 855 20
294 252 -11
610 223 -11
123 278 -6
172 349 10
3 479 12
670 195 -3
345 710 -13
685 459 2
670 124 -19
65 867 -5
365 660 17
159 474 -18
633 75 7
830 857 -4
273 948 2
113 197 -3
364 583 -14
472 758 -4
210 721 16
34 889 -5
77 98 16
11 763 3
124 169 20
480 284 -18
263 163 1
959 25 -4
994 819 11
921 754 1
515 216 -16
700 583 -15
981 300 -7
16 341 -15
895 813 -14
682 757 2
224 173 17
761 252 9
41 21 14
91 928 -16
271 806 0
410 694 -11
566 354 10
360 512 7
474 145 -5
482 289 14
233 770 -6
533 362 -17
642 509 -2
582 372 -17
398 323 -10
15 604 6
299 997 -1
475 423 -4
510 808 6
473 2 18
16 272 -13
339 967 -18
541 293 17
28 56 9
888 400 -2
798 966 -18
111 985 -4
896 442 15
833 491 -17
853 600 20
611 364 8
234 973 3
211 891 14
496 670 12
315 953 18
668 581 9
293 174 19
842 818 0
378 961 -1
489 279 10
168 570 -3
621 538 -12
258 845 -19
369 419 -19
684 162 10
876 820 -7
741 325 8
703 615 -11
690 782 15
421 385 -1
153 0 1
818 251 5
236 283 4
713 301 17
914 469 20
318 896 -2
903 968 0
256 538 9
600 416 18
208 418 -18
6 181 17
987 301 -14
257 526 9
728 464 19
742 975 1
636 441 -14
430 39 -6
10 472 6
507 927 19
429 984 1
350 696 11
893 221 6
829 493 13
374 135 -9
89 747 -4
152 117 13
816 833 3
988 333 19
29 98 -8
722 166 1
908 737 -4
305 952 -19
539 988 15
499 222 -17
944 669 3
999 752 -9
438 30 11
820 35 -6
38 981 -2
946 897 5
917 373 14
658 425 -8
865 756 17
259 852 -11
536 417 -8
517 21 20
26 55 -10
82 787 -12
571 888 1
816 391 -3
130 989 -12
111 908 14
837 82 -11
184 168 18
120 119 11
350 799 7
348 830 17
334 714 9
176 414 -1
875 330 -6
867 573 -10
812 951 10
963 577 -1
765 535 -17
795 128 -11
936 943 -9
385 797 13
577 589 3
787 550 2
292 622 16
176 852 -18
159 634 9
887 23 -11
142 788 -4
262 965 15
222 437 -20
746 981 11
241 45 8
128 945 8
760 717 11
501 272 -3
928 926 -5
109 274 9
290 809 -14
985 811 -12
147 222 10
759 672 3
313 881 -6
758 822 -12
233 732 3
11 767 -12
261 583 7
283 10 -8
290 706 13
554 646 -20
334 285 7
997 991 -15
471 300 -17
334 867 0
146 896 19
121 834 -20
246 679 -17
540 105 11
939 28 20
424 641 -16
338 446 -11
297 311 16
560 407 -14
142 553 -15
266 713 18
79 471 -12
59 67 2
604 535 -15
456 260 13
197 544 3
341 943 11
615 751 -16
202 537 -14
875 854 10
923 853 18
515 409 -8
681 993 16
408 134 14
409 221 20
595 98 5
203 660 -4
946 809 -3
490 712 -3
476 170 -3
83 945 14
73 643 3
548 185 15
34 827 12
857 621 -12
226 310 -10
390 553 -16
802 375 -1
63 90 5
438 219 18
766 322 9
546 879 7
67 231 -7
466 944 15
612 852 9
26 525 -17
985 88 18
904 642 8
947 870 2
732 909 14
710 643 19
211 29 -10
933 776 -18
651 18 -12
846 852 0
570 743 10
66 533 2
647 510 -20
755 838 -7
968 688 19
437 502 4
968 269 -18
135 711 -5
405 245 3
717 884 2
37 249 -12
774 977 -1
875 743 -3
948 613 -5
746 217 15
810 278 20
137 60 5
652 92 2
885 247 -20
871 751 -6
21 830 -10
455 522 -15
155 664 7
848 159 -10
157 309 -14
641 559 -3
958 493 2
244 527 -19
129 447 -6
237 881 -11
97 516 -14
994 79 -17
255 128 9
130 824 -2
569 806 -5
926 41 9
501 605 15
713 735 8
471 988 -15
918 303 19
440 237 13
59 450 -2
213 29 -3
869 987 -7
207 260 11
781 480 17
72 543 7
580 154 -2
61 119 18
914 54 12
458 839 2
743 673 -6
52 617 -15
282 591 12
381 864 -2
261 174 2
568 554 8
522 815 1
8 701 5
479 909 19
934 860 17
938 395 -15
631 700 -11
29 51 -9
716 871 -1
859 756 -12
418 499 2
295 795 0
174 98 17
662 184 20
768 941 -17
269 476 20
803 191 20
471 774 3
130 74 -13
564 708 -1
388 575 4
57 152 5
525 57 5
179 721 15
961 154 -4
19 886 -3
249 78 7
486 209 16
814 365 -11
78 994 5
921 347 10
218 82 -5
344 674 3
378 591 14
134 459 20
462 311 -6
971 756 -1
467 44 -9
379 670 14
400 686 5
542 76 9
883 430 -17
112 912 -15
538 157 -16
169 246 -18
146 189 -8
723 413 -14
863 128 -3
836 556 9
66 829 -15
765 718 -3
966 237 12
459 802 -1
734 621 -16
108 168 -11
753 993 -7
374 382 -1
294 399 -15
538 382 3
368 317 1
588 12 17
697 759 -3
356 37 -12
962 42 -18
289 876 -3
711 155 -15
894 629 15
819 83 -10
971 746 20
867 513 0
645 612 -14
166 576 -14
780 545 -13
824 487 14
696 249 -20
357 328 0
672 164 -17
548 111 -7
821 537 -14
694 487 12
734 249 1
79 733 -11
702 0 3
599 276 -18
887 902 18
157 111 -13
926 824 17
238 122 0
566 364 -9
354 949 1
241 927 -6
461 896 -2
889 80 13
360 241 -4
45 700 12
175 713 14
916 111 -1
366 885 9
26 419 2
881 792 17
367 39 16
871 488 13
833 755 -10
315 59 14
674 645 17
710 820 4
279 191 -9
141 223 -4
937 7 -1
827 308 -6
38 350 -16
623 936 19
475 171 -12
5 537 12
721 939 20
481 958 -17
716 447 8
316 130 10
584 412 5
834 898 16
859 148 -1
818 789 -5
114 736 -5
930 585 14
538 386 -12
958 218 -9
651 487 -2
893 722 2
219 9 -10
534 642 19
643 917 -14
661 800 0
244 510 -16
499 953 17
726 787 20
909 808 -13
614 448 10
727 477 -8
607 554 8
105 831 -16
920 150 14
691 23 -5
779 846 14
807 372 -8
361 425 3
753 685 -9
172 352 -13
376 715 -11
827 20 0
331 834 -18
799 630 -12
393 792 7
511 918 15
121 568 -3
644 121 8
190 933 7
513 212 0
445 566 -6
339 490 14
104 445 1
628 650 16
29 255 10
230 288 -17
34 423 20
468 448 0
915 882 7
617 83 -18
217 994 1
692 826 3
908 550 6
227 901 -1
869 323 1
146 956 -18
110 599 3
310 937 0
153 370 -10
473 819 -2
675 993 -7
538 335 -5
240 125 -2
620 954 13
194 260 -10
365 435 -2
134 532 16
969 506 -8
849 607 -19
465 205 14
911 165 -12
893 290 17
207 247 7
160 862 11
447 488 -9
162 949 -8
776 594 -9
311 346 4
343 90 -2
105 42 8
266 447 3
429 783 20
913 536 9
226 142 -3
176 329 10
561 150 15
598 225 11
987 673 19
984 555 -19
91 803 10
367 50 -7
411 968 13
773 600 6
688 557 15
602 919 -4
981 220 12
4 591 14
10 163 -18
716 162 19
966 645 -8
517 175 5
584 344 12
860 883 18
906 525 -20
206 375 19
636 983 -20
890 155 -11
453 600 -2
702 185 -20
146 457 9
188 970 5
346 251 7
144 310 -6
360 667 12
631 157 5
628 504 19
665 131 -15
616 908 -5
980 170 -10
512 995 -11
580 707 8
48 74 -18
27 684 -15
179 685 7
704 123 2
784 175 -1
14 381 -2
344 890 17
467 781 17
325 820 -13
682 659 -17
727 594 -14
840 334 9
22 526 -16
572 82 -16
497 157 -7
437 707 -3
729 972 3
997 549 -12
662 456 11
306 763 -9
365 417 -15
648 661 12
364 720 12
260 186 14
196 218 -10
586 985 12
189 961 -18
273 943 -15
273 647 9
71 857 9
509 439 -16
404 624 14
134 588 4
749 153 5
678 324 10
286 59 -3
426 421 -10
56 111 -18
828 111 7
612 639 9
73 204 6
272 458 -4
936 908 11
678 173 14
970 876 -1
517 312 17
355 481 -19
279 984 -14
257 900 -10
326 804 0
880 619 11
89 978 7
752 196 17
329 12 -9
904 543 2
0 973 -15
802 764 -10
659 190 9
973 609 15
2 934 3
187 835 -10
177 410 -13
626 38 5
962 134 12
189 109 17
340 40 -3
35 675 -9
613 462 -12
273 530 9
963 44 -17
502 831 5
535 872 11
814 198 18
467 815 -2
398 60 -17
580 898 17
844 614 8
639 908 -13
261 131 -6
401 108 -1
504 166 -3
866 348 1
32 325 -10
809 995 -6
524 752 9
869 40 -19
363 657 -3
323 734 -6
309 934 18
138 675 0
387 901 -1
755 711 15
722 985 -4
773 877 1
145 159 -8
554 728 -4
586 360 -1
847 956 -12
271 981 20
8 730 16
822 502 16
423 164 4
698 444 -18
626 786 -2
905 822 7
212 100 1
312 596 16
408 87 17
609 41 -10
432 921 18
867 289 -18
898 988 -8
