1000 4000
0 575 -12
0 814 13
0 973 -15
1 89 -8
1 104 5
1 168 -3
1 607 -13
1 708 -15
1 791 -11
2 461 -16
2 651 -3
2 934 3
3 60 -20
3 479 12
4 254 5
4 591 14
4 938 -10
5 84 17
5 166 -9
5 537 12
5 816 11
6 181 17
6 227 -17
6 334 -16
6 630 9
7 370 19
7 388 17
7 501 -19
7 807 12
7 847 6
8 357 16
8 701 5
8 730 16
8 734 -10
8 746 7
8 750 8
8 867 -12
9 36 1
9 37 -20
9 971 -19
9 996 -10
10 11 -12
10 163 -18
10 350 2
10 472 6
10 633 10
10 638 -9
11 637 19
11 763 3
11 767 -12
12 117 -14
12 201 -6
12 550 9
12 712 -7
13 496 -19
13 848 7
14 141 -20
14 181 13
14 289 15
14 381 -2
14 461 10
14 785 15
14 985 10
15 250 -5
15 375 17
15 382 17
15 604 6
15 703 -6
15 938 8
16 200 16
16 237 -19
16 272 -13
16 341 -15
16 566 1
17 249 8
17 383 -18
17 430 -2
17 438 -1
17 666 9
17 930 16
18 505 -11
18 624 -19
19 67 8
19 97 6
19 144 -8
19 305 14
19 485 5
19 678 -3
19 886 -3
20 652 4
20 707 16
21 807 -2
21 830 -10
21 954 2
22 405 6
22 526 -16
22 670 -14
22 872 -20
22 918 -6
22 989 -1
23 363 7
23 493 -3
23 710 -17
23 939 5
24 124 -12
24 166 15
24 228 15
24 400 -8
24 628 4
25 63 -7
25 160 -18
25 584 -17
25 663 -12
26 55 -10
26 180 -3
26 184 16
26 370 15
26 419 2
26 525 -17
26 598 10
26 695 2
26 705 18
27 53 4
27 493 -8
27 684 -15
28 56 9
28 428 8
28 545 16
28 620 5
28 795 -19
28 890 -19
29 51 -9
29 80 20
29 98 -8
29 195 -2
29 255 10
29 494 -7
29 685 12
29 978 -14
30 259 -3
30 697 -18
31 114 19
31 170 16
31 273 -14
31 426 6
32 136 -9
32 325 -10
32 489 5
32 543 -13
33 305 6
33 398 8
33 906 -19
33 959 10
34 174 8
34 357 19
34 423 20
34 827 12
34 889 -5
35 428 -8
35 675 -9
35 751 -4
36 735 -3
36 778 -7
36 819 8
36 876 1
36 934 -5
36 981 -6
37 61 17
37 137 7
37 249 -12
37 682 -13
37 697 -12
38 86 -9
38 350 -16
38 981 -2
39 671 6
40 343 -14
40 855 -9
41 21 14
41 306 11
41 861 -1
42 153 11
42 175 18
42 239 -11
43 570 3
43 972 0
44 27 -17
44 400 -17
44 721 -7
45 592 -14
45 700 12
46 21 -18
46 38 -16
46 67 15
46 291 -19
46 450 -2
47 94 13
47 466 15
47 714 -8
47 910 -10
48 74 -18
48 82 -14
48 308 11
48 316 -11
48 528 3
48 949 4
49 111 -18
49 283 17
49 486 -14
49 580 -10
49 639 3
49 656 20
49 697 -6
49 787 -9
49 906 -17
50 265 -12
50 455 -8
51 364 14
51 413 5
51 829 17
52 51 10
52 199 -2
52 264 16
52 432 1
52 515 14
52 539 4
52 617 -15
52 644 15
52 715 -4
52 752 7
53 379 12
53 698 -4
53 903 -17
54 125 -17
54 265 -10
54 479 16
54 685 -2
54 770 -4
55 99 20
55 124 14
55 321 -13
55 564 -10
55 672 15
55 685 -19
56 111 -18
56 239 -20
57 54 2
57 152 5
57 269 -7
57 581 -14
58 561 16
58 642 9
58 815 -14
58 862 1
59 67 2
59 389 -15
59 450 -2
59 622 5
60 107 -9
60 137 -5
60 684 -16
60 914 17
61 119 18
61 481 10
61 509 1
61 800 -14
62 114 8
62 929 13
63 90 5
63 161 11
63 210 5
63 389 -5
63 867 -8
64 6 8
64 96 -4
64 204 1
64 405 11
64 824 -7
64 902 13
65 196 -8
65 506 7
65 867 -5
66 132 -18
66 177 -12
66 492 12
66 533 2
66 572 -1
66 689 10
66 696 -18
66 806 -6
66 829 -15
66 861 17
67 21 16
67 136 10
67 231 -7
67 645 3
68 110 -9
68 618 -11
68 646 8
69 595 9
69 713 3
69 851 -17
70 27 -3
70 365 -8
70 489 2
70 498 -19
71 53 -3
71 857 9
72 257 6
72 258 4
72 358 16
72 543 7
72 833 -17
72 864 7
72 990 -9
73 204 6
73 263 17
73 539 20
73 643 3
73 665 -15
73 806 7
74 287 18
74 418 19
74 636 -12
75 431 13
75 523 14
75 618 15
76 108 2
76 626 14
76 764 18
76 778 16
77 98 16
77 419 -7
77 616 5
77 744 5
77 750 9
78 994 5
79 471 -12
79 650 -11
79 733 -11
79 766 -2
79 993 -8
80 97 -7
80 207 -20
80 653 -13
81 749 13
82 483 -1
82 787 -12
83 15 6
83 120 -17
83 152 11
83 355 8
83 415 16
83 574 11
83 945 14
84 101 20
84 462 16
84 501 -17
84 532 -11
85 332 -6
85 818 -11
87 301 12
87 363 10
87 521 5
87 831 6
88 382 5
88 560 11
88 589 -20
89 47 -13
89 743 -11
89 747 -4
89 826 -15
89 978 7
90 90 13
90 398 12
90 770 -7
90 912 -18
91 97 -16
91 203 17
91 350 4
91 435 -9
91 803 10
91 863 -4
91 928 -16
93 144 -15
94 325 7
94 374 12
94 874 16
94 988 9
95 138 0
95 421 -20
95 624 -14
96 184 18
96 775 -6
96 996 20
97 337 14
97 463 -1
97 516 -14
98 66 11
98 266 -2
98 387 13
98 814 10
98 945 -17
99 118 -5
99 251 14
99 912 -17
99 987 -5
100 341 -3
100 449 -20
100 475 -3
100 600 9
100 627 17
100 782 12
101 29 -20
101 279 -13
101 347 -1
101 968 -16
101 989 3
102 316 17
102 385 11
102 977 -14
102 984 10
103 204 -2
103 486 -13
103 539 -6
104 289 -8
104 445 1
104 746 -14
104 999 -12
105 42 8
105 137 6
105 235 -4
105 445 -3
105 518 15
105 831 -16
106 17 8
106 347 10
106 404 -4
106 482 1
106 659 2
106 743 -10
106 873 7
107 302 7
107 682 20
107 930 4
108 168 -11
108 556 6
108 704 -5
109 50 -9
109 150 2
109 179 -13
109 274 9
109 535 20
109 770 -16
109 800 3
110 189 9
110 599 3
110 895 10
111 542 -7
111 908 14
111 985 -4
112 39 -1
112 380 -6
112 400 16
112 505 -9
112 912 -15
113 197 -3
113 459 -15
113 810 -13
113 935 -16
114 386 12
114 736 -5
114 830 -4
115 22 16
115 138 -10
115 663 -15
115 720 19
115 731 11
116 82 -4
116 186 17
116 325 6
116 369 -16
116 455 15
116 536 -7
117 44 -15
117 51 18
117 447 15
117 535 8
117 654 3
118 67 -8
118 123 10
118 375 -20
118 612 -18
118 996 14
119 259 -15
119 328 -16
119 404 -15
119 410 -7
119 464 14
119 581 7
120 119 11
121 266 -19
121 550 -3
121 568 -3
121 574 -12
121 807 6
121 834 -20
121 948 -18
123 278 -6
123 446 -9
123 710 19
123 741 -17
123 985 1
124 3 3
124 66 -14
124 169 20
124 220 -6
124 374 17
124 596 -10
124 715 13
124 899 9
125 250 -9
125 601 -9
125 780 0
125 793 -4
126 144 12
126 208 -6
126 609 -4
126 904 -9
127 272 -12
127 413 8
127 487 13
127 595 -19
128 44 17
128 435 18
128 743 5
128 945 8
129 447 -6
129 559 -17
129 659 -4
130 74 -13
130 455 9
130 730 -10
130 824 -2
130 899 -4
130 989 -12
131 423 -4
131 795 -15
132 53 6
132 414 14
132 424 -18
133 640 14
133 739 13
134 459 20
134 532 16
134 588 4
134 714 18
134 908 -5
134 995 -20
135 353 0
135 680 -13
135 711 -5
135 713 7
135 773 6
135 827 0
136 737 0
136 950 10
137 60 5
138 55 -18
138 498 20
138 675 0
139 657 -5
139 691 19
139 804 19
139 813 17
139 838 8
140 19 -12
140 536 15
140 865 -14
140 982 19
140 990 6
141 0 0
141 37 9
141 223 -4
141 594 -1
142 136 -16
142 197 -11
142 553 -15
142 788 -4
142 853 11
143 36 -6
143 627 -3
143 838 11
144 80 -9
144 215 10
144 270 -8
144 310 -6
144 317 3
144 420 -18
144 476 3
144 787 -12
145 92 -18
145 159 -8
145 494 -4
145 514 -8
145 680 15
145 744 6
146 189 -8
146 457 9
146 584 -19
146 896 19
146 956 -18
147 29 -10
147 222 10
147 403 -8
147 548 -6
147 667 10
147 859 9
148 902 8
149 128 -18
149 395 -20
149 648 -12
149 921 17
150 127 -13
150 232 -6
150 394 -4
150 618 11
150 679 -7
150 830 -18
150 916 6
150 944 -7
150 988 -20
151 22 -6
151 42 5
151 119 12
151 341 -18
151 434 7
151 576 -5
151 930 18
152 117 13
152 199 3
152 509 14
152 661 -10
153 0 1
153 370 -10
153 379 18
154 599 16
154 666 -19
154 719 -2
154 883 12
155 360 10
155 533 11
155 664 7
155 781 16
155 948 -10
156 5 8
156 312 -10
156 433 18
156 557 7
156 703 10
156 837 1
156 893 -3
157 111 -13
157 169 -5
157 309 -14
157 325 -9
157 883 16
158 60 -2
158 69 -9
158 692 -17
159 341 7
159 474 -18
159 634 9
159 868 18
160 283 11
160 353 20
160 862 11
161 229 7
161 371 -9
161 534 13
161 608 6
161 733 -19
161 875 -13
162 48 6
162 269 9
162 506 -5
162 949 -8
163 58 5
163 81 8
163 370 5
163 847 -4
164 140 8
164 234 -10
164 454 13
164 680 3
165 927 13
166 302 7
166 571 8
166 576 -14
166 640 16
166 802 10
167 278 11
167 477 3
167 964 -2
168 570 -3
168 609 18
169 246 -18
169 431 9
169 755 9
169 939 8
170 301 16
170 558 0
171 8 0
171 31 6
171 71 20
171 767 -20
171 927 7
171 956 7
172 149 17
172 217 15
172 325 -5
172 349 10
172 352 -13
172 671 9
172 864 12
173 422 -20
173 643 -20
173 659 19
174 98 17
174 264 8
174 406 17
174 702 -8
175 22 14
175 132 -9
175 272 -7
175 662 12
175 713 14
176 273 -8
176 322 -9
176 329 10
176 414 -1
176 527 -2
176 654 14
176 852 -18
176 907 -12
176 919 -9
176 985 0
177 304 3
177 373 18
177 410 -13
177 937 -6
178 423 18
179 526 15
179 685 7
179 721 15
180 561 1
180 708 12
181 456 6
181 581 -20
181 788 1
181 825 10
181 891 3
182 14 -19
182 745 -16
183 141 14
183 192 19
183 239 7
183 611 0
184 96 20
184 102 -5
184 168 18
184 494 5
184 618 4
184 650 13
185 469 -11
185 713 -18
186 852 9
187 328 0
187 645 14
187 835 -10
188 439 -1
188 489 -3
188 575 -9
188 692 -3
188 970 5
189 109 17
189 564 6
189 961 -18
190 331 15
190 485 11
190 747 4
190 933 7
190 990 15
191 202 -16
191 374 0
191 427 -19
192 322 -6
192 572 6
192 610 0
192 669 16
192 808 20
193 127 -5
193 561 12
193 638 -1
193 691 6
193 835 10
194 186 6
194 260 -10
194 610 -9
194 720 -14
194 801 -19
195 256 -18
195 319 8
195 477 -7
195 604 1
195 731 11
195 814 6
196 208 -7
196 218 -10
196 505 12
197 544 3
198 238 -16
198 312 -13
198 433 0
199 580 -14
199 713 7
199 988 18
200 619 4
200 721 9
200 911 -13
200 997 2
201 182 12
201 459 2
201 824 -18
201 843 -11
201 889 15
202 207 18
202 401 -6
202 463 3
202 537 -14
202 632 -6
203 87 -16
203 510 7
203 538 -10
203 660 -4
203 717 12
203 919 -3
204 42 10
204 118 2
204 393 -2
204 426 -2
204 622 -7
205 29 9
205 333 19
205 414 10
205 488 -4
206 118 -12
206 375 19
207 102 -7
207 247 7
207 260 11
207 364 -9
207 604 3
208 50 6
208 321 -7
208 344 -13
208 418 -18
208 650 20
208 978 20
209 188 -17
209 749 -16
209 774 20
209 893 -1
210 26 -16
210 689 -20
210 721 16
210 911 10
210 924 -10
211 29 -10
211 208 -7
211 759 16
211 861 -5
211 891 14
212 79 -16
212 100 1
212 358 -4
212 482 -1
212 584 -4
213 29 -3
213 49 -19
213 138 1
213 400 -19
213 816 -6
213 840 -3
214 12 15
214 615 0
215 22 10
215 625 -5
215 835 -2
215 952 -11
216 260 -11
216 304 -12
216 565 -16
216 598 -1
216 632 4
216 779 -6
216 911 1
217 228 -5
217 253 -14
217 796 -19
217 994 1
218 82 -5
218 121 11
218 273 18
218 470 -13
218 751 7
219 9 -10
219 137 5
219 151 -12
219 648 17
219 747 1
219 822 13
220 102 -1
221 458 -1
221 869 -8
221 892 -1
222 362 -10
222 437 -20
222 888 7
223 130 10
224 173 17
224 274 6
224 355 -4
224 367 17
224 699 15
224 772 3
225 505 20
225 506 13
225 509 15
225 597 -6
226 26 8
226 142 -3
226 186 -4
226 308 -12
226 310 -10
226 594 -10
226 771 14
227 313 8
227 391 8
227 416 11
227 845 9
227 901 -1
229 49 -15
229 530 10
229 658 13
230 212 -17
230 288 -17
230 928 5
232 225 -7
232 432 -18
232 547 9
232 654 -5
232 860 -19
233 12 -8
233 75 12
233 732 3
233 770 -6
234 283 -2
234 973 3
234 997 20
235 150 -16
235 728 -9
235 941 -12
235 999 -4
236 277 6
236 283 4
236 416 6
236 946 6
237 98 -17
237 121 10
237 134 12
237 881 -11
238 122 0
238 179 16
238 858 16
238 889 8
239 77 -8
239 158 15
239 226 -11
239 858 -15
239 874 -10
240 125 -2
240 462 20
240 615 -13
241 35 7
241 45 8
241 337 -14
241 481 15
241 826 19
241 927 -6
241 973 18
242 449 1
242 633 -3
242 843 4
243 579 18
243 703 -14
243 844 -4
244 1 10
244 260 -12
244 444 8
244 454 10
244 510 -16
244 527 -19
245 73 -17
245 104 3
246 137 18
246 679 -17
246 886 4
247 451 -9
247 743 -16
248 740 -1
248 841 -11
249 78 7
249 85 15
249 284 -6
249 388 -14
249 435 20
250 245 10
250 367 20
251 173 12
251 183 -4
251 346 2
251 472 19
252 494 19
253 409 18
253 442 -19
253 581 -4
253 801 -3
254 377 16
254 444 18
254 609 12
255 128 9
255 455 10
255 700 -15
256 64 14
256 522 -2
256 538 9
256 540 -5
256 662 12
256 760 4
257 526 9
257 900 -10
257 995 -15
258 845 -19
259 422 -12
259 566 12
259 852 -11
260 2 18
260 35 -11
260 84 -14
260 186 14
260 290 -10
260 397 -2
260 455 -15
260 459 -5
260 846 -9
261 131 -6
261 174 2
261 453 7
261 583 7
261 806 -11
261 813 18
262 199 -2
262 308 -7
262 542 -5
262 965 15
262 972 -13
263 163 1
263 344 17
263 900 12
264 690 -6
265 127 -13
265 690 -10
266 447 3
266 713 18
267 322 -1
267 864 6
267 980 10
268 238 7
268 685 16
269 190 16
269 403 -2
269 476 20
269 519 1
270 199 13
270 317 -11
270 453 5
270 561 11
270 626 18
270 897 -16
271 38 -11
271 50 -16
271 534 -3
271 646 18
271 693 -14
271 806 0
271 952 11
271 981 20
272 11 11
272 62 -1
272 219 2
272 445 -20
272 458 -4
273 439 -3
273 530 9
273 647 9
273 943 -15
273 948 2
273 957 -16
274 532 15
275 58 -3
275 550 0
275 626 -3
275 879 -9
276 188 5
277 80 -1
277 270 -18
277 652 -7
277 807 -17
277 974 -8
278 200 1
278 225 7
278 499 -2
278 575 -9
279 191 -9
279 635 4
279 650 14
279 896 15
279 899 3
279 984 -14
280 22 -3
280 53 18
280 364 -3
280 771 -2
281 147 -11
281 293 -6
281 604 -11
281 662 -3
282 181 18
282 453 -9
282 564 7
282 585 -11
282 591 12
282 618 -9
282 941 -3
283 10 -8
283 764 -11
283 820 -12
284 228 5
284 311 -18
284 552 4
284 908 12
284 931 4
285 372 6
285 645 -1
285 844 -17
285 879 4
286 59 -3
286 437 12
286 493 -5
286 547 7
286 549 18
286 805 -14
286 853 3
288 925 -17
288 957 -1
288 958 -8
289 77 -17
289 496 -16
289 626 3
289 802 19
289 856 -9
289 876 -3
289 884 -9
289 931 -5
289 965 3
290 70 19
290 152 15
290 469 -2
290 508 8
290 542 -5
290 627 3
290 706 13
290 809 -14
291 104 10
291 545 -4
291 629 -13
291 710 -14
292 622 16
293 26 -11
293 174 19
293 466 4
293 617 19
293 702 10
294 142 -5
294 214 2
294 252 -11
294 399 -15
294 430 -13
294 932 0
295 211 -10
295 588 8
295 783 12
295 795 0
296 126 -2
296 440 1
296 921 -4
297 38 7
297 311 16
297 466 -15
297 496 20
297 633 -1
297 716 10
298 347 -15
298 416 -8
299 362 -10
299 433 2
299 997 -1
300 173 -17
300 576 14
300 768 -6
300 892 -4
301 340 -6
301 986 0
302 151 19
302 300 -17
302 774 -2
303 788 -11
304 234 7
304 567 17
304 570 -4
304 634 -15
304 671 -18
304 695 2
305 185 19
305 364 3
305 490 -8
305 711 11
305 805 18
305 952 -19
306 165 17
306 341 12
306 475 -8
306 763 -9
306 953 0
307 184 2
307 335 3
307 482 -3
307 990 13
308 29 -7
308 176 -3
308 220 15
308 221 6
308 633 -9
308 685 -15
308 686 -11
308 733 -12
308 964 -2
309 276 -9
309 342 -1
309 638 10
309 934 18
310 126 -1
310 283 -6
310 491 -17
310 875 -14
310 937 0
310 965 -2
311 247 17
311 297 -1
311 346 4
311 508 0
311 569 2
311 951 -2
312 171 -12
312 418 11
312 596 16
312 598 4
312 683 15
312 703 -9
313 293 -11
313 368 -6
313 381 3
313 827 -6
313 881 -6
314 131 -3
315 59 14
315 623 -8
315 953 18
316 130 10
316 154 -17
316 250 -8
316 862 -2
316 889 15
316 945 -8
317 950 19
318 152 -4
318 869 8
318 896 -2
318 943 -18
319 360 13
319 444 -13
319 956 15
320 135 -6
320 168 17
320 469 -19
320 914 6
321 127 10
321 704 8
322 227 6
322 551 6
322 632 -1
322 721 -18
322 807 13
323 734 -6
323 995 11
324 316 11
324 386 20
324 413 3
324 436 -17
324 524 -11
324 844 9
324 953 -8
325 429 -4
325 601 -1
325 678 1
325 820 -13
326 763 4
326 804 0
326 951 -8
327 69 -17
327 147 11
327 247 -14
327 377 15
327 462 -5
328 350 -2
328 692 9
328 845 -19
328 899 19
329 12 -9
329 531 10
329 620 15
329 856 14
329 920 18
330 89 -20
330 296 -7
330 467 -12
330 651 -4
331 309 -4
331 312 17
331 506 -17
331 515 6
331 722 15
331 805 1
331 834 -18
332 22 12
332 189 11
332 746 -17
332 948 10
332 990 -4
333 444 10
333 823 15
334 285 7
334 538 2
334 714 9
334 867 0
335 194 -6
335 301 13
335 367 -2
335 465 9
336 691 10
337 32 4
337 593 11
337 810 7
338 295 -11
338 446 -11
338 480 11
339 189 -4
339 343 -9
339 430 14
339 490 14
339 547 -6
339 967 -18
339 999 8
340 1 -4
340 40 -3
340 463 -11
340 593 -10
340 613 -15
340 850 -7
341 397 17
341 943 11
342 110 13
342 914 -10
343 28 16
343 90 -2
343 914 16
343 968 -18
344 22 -15
344 335 9
344 407 12
344 674 3
344 890 17
345 72 1
345 368 -13
345 563 16
345 710 -13
346 251 7
346 493 -18
347 944 -12
348 228 -3
348 365 -16
348 373 -17
348 605 -15
348 830 17
348 994 -13
348 995 8
349 47 17
349 157 -9
349 465 0
349 881 5
349 898 -10
350 4 3
350 538 19
350 556 -16
350 649 13
350 696 11
350 799 7
350 883 8
351 200 12
351 215 -10
351 306 -12
351 888 17
351 992 15
352 620 -20
352 757 12
352 768 1
352 849 11
353 156 -4
353 422 -10
354 283 17
354 630 15
354 949 1
355 313 2
355 327 15
355 481 -19
355 561 16
355 599 -17
355 930 -18
356 37 -12
356 47 11
356 266 14
356 453 7
356 456 -1
356 482 17
357 4 18
357 328 0
357 459 -3
358 131 4
358 164 5
358 438 8
358 785 -1
358 856 -3
359 60 2
359 487 -12
360 31 -4
360 37 -14
360 46 5
360 241 -4
360 512 7
360 667 12
360 924 5
360 943 -3
361 108 -6
361 425 3
361 515 11
361 656 14
361 667 -8
361 687 19
362 26 2
362 86 -20
362 143 19
362 308 -15
362 691 -13
362 731 5
363 332 -12
363 426 5
363 566 -15
363 588 -12
363 649 -20
363 657 -3
364 157 -3
364 396 -20
364 504 -16
364 583 -14
364 663 -17
364 709 -11
364 720 12
365 413 0
365 417 -15
365 428 11
365 435 -2
365 660 17
366 615 -6
366 737 9
366 885 9
367 39 16
367 50 -7
367 330 -17
367 620 -8
367 644 -14
367 747 19
368 317 1
368 347 -13
369 35 -8
369 113 20
369 331 2
369 419 -19
369 496 -2
370 349 -14
370 404 -11
370 520 12
370 978 8
371 161 -10
371 570 -12
371 780 -20
372 658 -15
372 665 20
372 818 10
372 912 -15
373 104 -14
373 343 -4
373 738 -8
374 135 -9
374 325 -9
374 382 -1
375 455 6
375 945 -20
376 22 3
376 159 -4
376 384 20
376 563 -11
376 624 -11
376 715 -11
376 783 -14
376 801 -12
376 837 -20
376 872 11
376 888 3
376 894 12
377 606 11
377 609 -15
377 664 -7
377 886 12
378 205 9
378 591 14
378 679 5
378 798 -18
378 816 6
378 961 -1
378 972 -14
379 293 -9
379 368 14
379 396 -11
379 424 -18
379 444 11
379 640 -14
379 670 14
380 357 0
380 363 6
380 405 -1
380 771 12
380 805 6
380 883 -20
380 968 5
380 983 -15
381 612 -8
381 624 13
381 645 -17
381 764 -7
381 864 -2
381 918 -4
382 643 8
382 857 19
383 608 -7
383 626 17
384 419 1
384 491 -16
385 476 -14
385 797 13
386 269 18
386 335 7
386 665 -2
386 895 13
387 104 14
387 637 4
387 690 -15
387 885 18
387 901 -1
387 968 15
388 400 1
388 575 4
388 769 19
388 788 7
388 802 0
388 884 -6
389 98 -20
389 278 -11
389 939 9
390 553 -16
390 642 -5
390 797 20
390 846 -11
390 958 9
391 426 6
391 515 -8
391 572 -18
392 486 16
392 666 -19
393 180 17
393 235 -9
393 359 -3
393 774 -10
393 792 7
394 4 1
394 835 -14
395 657 -3
395 662 2
395 740 -10
396 267 6
396 955 -16
398 60 -17
398 323 -10
398 445 12
398 500 15
398 860 14
399 374 3
399 663 -4
399 868 10
400 628 -5
400 655 -15
400 675 -1
400 686 5
400 756 -20
401 108 -1
401 573 -6
401 660 -1
401 670 8
401 767 -1
401 862 16
401 881 -4
401 982 13
402 119 17
403 674 8
404 446 17
404 624 14
404 949 -12
404 969 -11
405 245 3
405 660 8
405 962 -2
406 613 8
406 635 12
407 397 -2
407 947 11
407 965 -11
408 86 -10
408 87 17
408 134 14
408 323 -20
409 143 -11
409 221 20
409 727 6
409 885 1
409 925 14
410 74 12
410 399 -6
410 694 -11
410 915 -2
411 830 -20
411 968 13
412 272 3
412 556 -15
413 30 -9
413 232 7
413 322 -2
413 356 5
413 913 -14
414 223 17
414 654 13
414 690 -4
415 439 11
416 393 18
416 650 -13
416 942 14
417 127 5
417 414 -20
417 669 -15
417 674 -5
417 744 19
417 941 5
418 210 -11
418 353 15
418 373 -17
418 499 2
419 480 14
419 566 19
419 599 5
420 73 -9
420 590 -6
420 752 3
421 385 -1
421 645 19
422 57 -20
422 317 -3
423 0 6
423 164 4
423 595 13
423 896 -19
424 337 -17
424 425 -17
424 485 9
424 489 -20
424 641 -16
424 753 20
425 224 1
425 327 7
425 438 -20
425 462 -19
425 689 17
426 421 -10
426 574 9
427 8 -16
427 83 -16
427 383 10
428 178 -16
428 899 -5
428 913 -3
429 783 20
429 984 1
429 997 -14
430 39 -6
430 135 -8
431 728 -14
432 152 -1
432 921 18
433 546 11
433 549 16
433 898 -10
433 963 -17
434 818 -10
434 912 4
435 383 -14
435 895 8
436 1 -1
436 290 -7
436 979 -4
437 444 15
437 502 4
437 707 -3
438 30 11
438 33 19
438 104 3
438 219 18
438 315 -12
438 762 20
438 944 1
439 289 -7
439 308 -8
439 955 -9
440 47 14
440 237 13
440 999 -19
441 48 19
442 527 20
442 885 14
443 455 -3
443 707 -2
444 48 1
444 857 -8
445 193 19
445 246 10
445 566 -6
445 856 20
446 46 11
446 284 7
446 684 0
447 277 9
447 488 -9
447 525 -10
447 810 14
448 610 13
448 618 12
448 638 -4
448 701 -9
448 890 16
448 999 6
449 490 -17
450 296 1
450 695 -4
450 746 19
450 870 -18
451 554 -17
451 616 11
451 696 -1
452 29 2
452 832 10
453 60 11
453 288 -13
453 600 -2
454 771 4
455 3 17
455 6 -10
455 48 -16
455 314 4
455 484 15
455 522 -15
456 260 13
456 411 -15
456 437 7
456 680 17
456 843 20
457 22 11
457 60 -2
457 216 -16
457 276 -20
457 436 -20
457 547 -2
457 768 1
458 787 -2
458 839 2
458 959 8
459 82 7
459 593 15
459 730 20
459 802 -1
460 272 15
460 295 8
460 307 17
460 388 -11
460 478 -10
460 800 0
460 859 16
461 280 13
461 896 -2
462 245 1
462 311 -6
462 340 4
462 558 20
462 851 19
463 198 7
463 422 -14
463 911 6
464 75 -3
464 644 -20
464 674 17
464 777 -10
464 892 6
464 950 11
465 150 17
465 205 14
465 536 -11
465 557 -2
466 158 11
466 485 16
466 759 -7
466 944 15
467 44 -9
467 160 18
467 449 8
467 781 17
467 815 -2
468 448 0
468 493 19
468 524 10
468 741 20
468 790 -7
469 336 15
469 613 -2
470 211 11
470 499 15
470 502 -15
471 300 -17
471 774 3
471 873 11
471 917 -3
471 988 -15
472 415 -19
472 513 -5
472 758 -4
473 2 18
473 47 5
473 604 -7
473 819 -2
474 5 -8
474 145 -5
474 322 -1
474 424 -11
474 632 16
475 171 -12
475 423 -4
475 513 17
475 859 8
475 870 -7
476 58 -1
476 170 -3
476 616 -1
477 110 16
477 346 13
478 383 18
478 472 -1
478 608 -17
479 129 10
479 241 -14
479 507 10
479 596 1
479 629 -11
479 668 2
479 909 19
480 117 13
480 129 16
480 284 -18
480 521 -8
481 143 -10
481 175 17
481 515 19
481 639 2
481 654 -17
481 833 1
481 958 -17
482 289 14
482 813 20
482 943 -7
482 988 18
483 616 9
483 728 7
483 808 -12
483 936 1
483 938 13
484 297 20
484 776 20
485 276 -13
485 476 -20
485 949 8
486 41 -18
486 87 14
486 103 -8
486 209 16
486 679 -2
486 743 -20
487 450 -6
487 559 -8
487 668 -1
487 953 5
488 468 -18
488 473 18
488 839 11
488 853 -2
489 55 -17
489 279 10
489 944 -3
490 505 13
490 605 14
490 712 -3
490 966 1
491 191 -15
491 373 1
491 439 12
492 214 -8
492 579 1
492 764 11
493 460 18
493 466 5
493 475 -6
493 566 3
494 194 -2
494 283 -20
494 771 -6
494 871 -11
495 463 7
495 713 13
496 134 -7
496 322 -6
496 348 -1
496 534 -8
496 549 19
496 670 12
496 697 -3
496 811 13
496 856 -16
497 135 20
497 157 -7
497 183 -5
497 579 12
497 873 -11
498 65 18
498 978 -10
499 222 -17
499 465 3
499 844 3
499 930 -13
499 953 17
500 136 14
500 304 1
500 338 -9
500 534 -2
501 131 -11
501 272 -3
501 500 -18
501 605 15
501 609 15
502 175 -20
502 334 4
502 739 -1
502 764 7
502 831 5
502 986 12
503 424 -11
503 526 0
503 571 -20
504 166 -3
504 243 -17
504 249 -16
504 651 20
505 320 9
506 204 -3
506 480 8
507 72 13
507 129 -2
507 296 -2
507 311 9
507 672 11
507 927 19
508 183 13
509 437 -17
509 439 -16
509 706 -11
509 877 15
510 176 -14
510 181 0
510 415 -9
510 502 6
510 705 4
510 706 -14
510 808 6
510 878 19
511 148 17
511 230 17
511 470 -9
511 918 15
512 169 -18
512 253 6
512 787 -12
512 995 -11
513 83 7
513 212 0
513 428 -7
513 433 -12
513 535 12
513 609 14
513 759 12
513 846 3
514 378 15
514 543 17
515 216 -16
515 283 16
515 409 -8
515 443 -14
516 397 10
516 663 15
516 826 19
517 7 -4
517 21 20
517 175 5
517 186 -6
517 261 11
517 312 17
517 340 18
517 396 20
517 520 -20
517 546 -2
517 795 -4
517 925 9
518 168 6
518 226 5
518 364 13
518 658 19
519 62 8
519 198 14
519 527 17
519 586 -10
519 608 -12
519 804 18
520 1 -1
520 238 -16
520 272 7
520 322 -1
520 473 -11
520 635 -6
520 726 -2
520 901 16
521 336 -5
521 642 16
521 835 -8
522 815 1
523 475 -16
523 722 -13
524 652 -3
524 752 9
525 57 5
525 102 6
525 294 -17
525 375 18
525 397 -8
525 756 0
525 773 4
526 26 7
526 255 -8
526 858 6
527 157 10
527 816 6
527 846 2
528 33 6
528 77 5
528 635 1
529 452 3
530 634 5
530 684 -11
531 309 -20
531 785 -5
531 862 -5
531 906 9
532 135 3
532 193 13
532 608 -7
533 175 13
533 362 -17
533 495 13
533 708 -2
533 936 -3
534 375 -10
534 609 20
534 642 19
534 720 -18
535 364 -3
535 438 -15
535 507 11
535 552 -15
535 854 -17
535 872 11
536 74 20
536 295 15
536 417 -8
536 643 -10
536 694 -7
536 702 -16
536 748 3
537 576 -12
537 674 -4
537 731 0
537 992 14
538 157 -16
538 239 13
538 335 -5
538 382 3
538 386 -12
538 551 18
538 681 -6
538 784 -10
539 232 -2
539 495 10
539 850 6
539 965 8
539 988 15
540 105 11
541 293 17
541 473 16
541 675 -14
542 76 9
542 220 -18
542 250 9
542 752 -7
543 447 11
543 532 5
544 121 2
545 447 12
545 870 -7
546 751 11
546 868 11
546 879 7
547 656 -7
548 111 -7
548 185 15
548 333 -8
548 389 -12
548 483 -10
548 485 0
549 316 11
549 341 10
549 903 9
549 996 -15
550 87 -6
551 193 13
551 268 -13
551 332 0
551 869 6
552 418 16
552 806 11
553 696 -13
553 982 10
554 646 -20
554 728 -4
554 771 -17
554 864 4
555 224 -9
555 547 -14
555 575 -6
555 909 -7
555 954 -15
555 958 2
556 38 1
556 149 -19
556 718 14
557 4 13
557 663 -18
558 100 -4
558 179 14
559 48 14
559 155 15
559 526 18
559 569 -15
560 113 -12
560 407 -14
560 554 -9
560 639 -2
561 150 15
561 488 10
561 538 20
561 983 -5
562 24 10
562 240 -8
562 999 13
563 80 18
563 181 -14
563 421 -12
563 858 15
564 219 20
564 325 14
564 498 12
564 687 8
564 708 -1
565 529 4
565 897 18
565 993 -3
566 145 -19
566 175 -7
566 354 10
566 364 -9
566 406 5
566 421 -4
566 497 -9
566 550 5
566 555 -3
566 680 -4
566 683 5
566 995 9
567 1 19
567 66 -9
567 573 1
567 722 -10
567 924 -2
568 38 -2
568 149 18
568 554 8
568 623 6
568 698 15
568 715 18
568 733 20
569 48 0
569 366 -20
569 491 1
569 591 -1
569 806 -5
570 743 10
571 161 -3
571 504 -15
571 544 0
571 683 10
571 702 -9
571 888 1
571 892 -14
572 82 -16
573 182 11
574 69 3
574 80 14
574 238 -4
574 398 1
574 486 14
574 912 -6
575 91 11
575 826 7
576 76 4
576 130 5
576 312 -4
576 589 -9
576 633 -9
576 761 14
577 518 -19
577 581 13
577 589 3
577 674 17
578 67 -6
578 148 8
578 173 -6
578 432 -4
578 448 20
578 891 -18
578 917 1
578 918 10
578 994 -17
579 177 -8
579 533 -3
579 811 -6
579 888 10
580 111 -5
580 154 -2
580 461 14
580 573 4
580 675 -20
580 707 8
580 817 -2
580 842 6
580 898 17
581 146 17
581 363 0
581 565 -6
581 671 -19
581 833 -15
581 864 -3
582 93 -1
582 323 -13
582 372 -17
582 486 -1
582 687 5
582 873 -17
583 53 -13
583 224 19
583 322 -2
583 973 13
584 344 12
584 412 5
584 469 -4
584 590 -7
584 692 -3
584 700 7
584 935 10
585 58 -12
585 685 13
585 736 8
586 54 -15
586 88 9
586 360 -1
586 404 -7
586 763 -20
586 985 12
587 148 -14
587 150 -13
587 544 -2
587 687 -2
587 866 2
587 915 10
588 12 17
588 27 16
589 310 8
589 459 -3
589 642 5
590 25 16
590 184 3
590 228 5
590 270 14
590 447 -6
591 337 1
591 606 0
592 376 -7
592 537 -4
592 590 -3
592 841 -5
593 155 14
593 569 9
593 587 -7
594 16 3
594 525 14
595 2 -1
595 98 5
595 182 -5
595 315 12
595 476 17
596 552 4
596 580 -8
596 648 -1
596 857 14
597 780 -16
598 12 -2
598 196 17
598 225 11
598 283 -7
598 881 -19
599 127 -4
599 276 -18
599 424 15
599 562 7
599 752 6
599 800 20
599 861 -6
600 86 17
600 416 18
600 678 -4
600 711 -17
600 904 -7
601 31 -5
601 125 0
601 525 -11
601 760 2
601 853 14
601 910 -17
601 914 18
602 108 -19
602 342 -8
602 433 12
602 919 -4
603 341 15
603 990 15
604 115 -3
604 535 -15
605 5 -8
605 304 -4
605 341 -18
605 648 -18
606 33 3
606 826 -19
607 357 -3
607 554 8
607 786 20
608 47 -16
609 18 6
609 41 -10
609 718 15
609 735 -3
610 30 -16
610 223 -11
610 461 14
610 777 -1
611 123 -9
611 364 8
612 8 -6
612 216 3
612 297 20
612 342 -14
612 364 7
612 639 9
612 852 9
613 116 14
613 149 -12
613 316 16
613 462 -12
614 170 -11
614 198 3
614 448 10
614 474 15
614 540 9
614 681 2
614 845 -12
615 559 1
615 751 -16
615 782 6
615 959 12
615 991 7
616 342 12
616 821 4
616 829 16
616 908 -5
616 956 -11
617 53 -8
617 56 17
617 83 -18
617 149 1
617 202 -4
617 215 -18
617 246 -15
617 330 20
617 842 -3
618 223 -2
618 292 15
618 390 -6
618 441 13
619 351 -19
619 735 -14
620 80 5
620 115 -20
620 212 -14
620 753 -5
620 954 13
621 78 17
621 494 -13
621 538 -12
622 4 -20
622 152 0
622 774 -12
622 829 -14
623 10 -4
623 556 -18
623 675 2
623 895 1
623 936 19
624 943 -15
625 11 -10
625 79 -17
625 164 2
625 561 -7
626 38 5
626 99 -11
626 527 -14
626 598 9
626 786 -2
626 948 -10
627 553 -10
628 256 -11
628 330 13
628 504 19
628 650 16
629 783 3
629 984 -19
630 289 14
630 733 17
630 895 12
631 157 5
631 700 -11
631 958 -5
632 547 14
632 623 -9
633 54 4
633 75 7
633 137 18
633 338 -18
634 301 19
634 831 -9
635 155 12
635 755 17
635 874 -2
635 923 -16
636 159 18
636 441 -14
636 499 -13
636 952 -5
636 983 -20
637 216 14
637 434 15
637 710 14
637 857 -7
638 96 -9
638 364 6
639 452 -8
639 651 -4
639 740 9
639 908 -13
640 143 5
640 561 9
640 636 17
640 677 4
640 923 -12
641 232 17
641 559 -3
641 747 14
641 796 16
641 961 -14
642 509 -2
642 931 12
642 998 -16
643 264 -19
643 749 -14
643 917 -14
644 88 0
644 121 8
644 421 -14
644 429 17
644 435 -10
645 214 -5
645 244 13
645 562 14
645 612 -14
646 154 12
646 561 -14
646 767 -19
647 52 -19
647 363 -9
647 510 -20
647 902 -20
648 122 -10
648 243 -3
648 661 12
649 104 -18
649 516 14
649 518 3
649 583 -11
650 172 19
650 405 -4
651 18 -12
651 45 -2
651 290 -8
651 336 -13
651 477 4
651 487 -2
651 906 -1
652 90 6
652 92 2
652 199 17
652 316 -15
652 558 -7
652 634 -15
652 644 16
652 707 14
653 289 -7
654 550 15
654 781 14
655 749 -14
656 217 -12
656 375 3
657 38 -11
657 277 19
657 290 10
657 343 -18
657 367 0
657 769 -4
658 86 -15
658 134 7
658 151 -2
658 425 -8
658 456 -8
658 909 8
659 190 9
660 201 10
660 797 15
661 538 5
661 664 -18
661 800 0
661 877 -15
662 139 -16
662 184 20
662 310 9
662 456 11
662 733 -6
663 37 -3
663 174 10
663 187 -12
663 579 4
663 741 15
664 421 4
664 952 0
665 131 -15
665 219 -10
665 754 0
666 328 12
666 430 -18
666 641 -13
666 691 -2
666 701 -11
667 556 -12
667 560 -5
667 620 -13
668 332 5
668 581 9
669 21 -11
669 681 14
669 894 -2
669 913 9
670 68 -1
670 124 -19
670 195 -3
670 388 20
670 811 -15
670 976 -6
671 31 5
671 75 -13
671 446 -10
672 46 -4
672 104 9
672 164 -17
672 438 -7
672 746 -2
672 834 1
673 27 -7
673 99 -5
673 355 7
673 823 15
673 969 6
674 645 17
674 671 5
674 711 3
675 100 12
675 682 5
675 875 13
675 993 -7
676 135 9
676 411 -15
676 835 -13
676 960 -18
677 264 0
677 561 -10
677 598 13
678 44 -1
678 173 14
678 324 10
678 364 -1
679 438 6
679 620 1
679 759 4
679 929 10
679 956 12
680 69 -1
680 634 -4
681 9 -19
681 208 14
681 326 16
681 514 7
681 993 16
682 103 11
682 267 -6
682 485 12
682 493 1
682 594 -2
682 619 -1
682 659 -17
682 757 2
683 157 -17
683 430 -3
683 466 -13
683 667 -9
684 162 10
684 371 -2
684 818 -16
685 196 11
685 337 -10
685 459 2
685 791 -2
685 994 -13
686 121 -15
687 14 11
687 258 -12
687 528 -5
687 584 11
688 526 -4
688 557 15
688 584 -2
688 708 6
688 746 -9
688 789 5
689 410 -13
690 56 -13
690 84 15
690 186 20
690 635 -17
690 782 15
691 23 -5
691 87 -14
691 161 10
691 255 4
691 338 -1
691 421 15
691 774 7
691 915 10
692 52 -13
692 101 -6
692 568 -3
692 826 3
693 209 -4
693 545 13
694 232 -10
694 487 12
695 284 -4
695 333 17
695 824 7
696 249 -20
697 264 8
697 273 -6
697 759 -3
698 85 0
698 121 -4
698 301 -15
698 444 -18
698 884 9
698 989 7
699 608 -7
700 239 3
700 259 -3
700 583 -15
700 802 -3
700 826 4
700 885 10
701 374 16
701 486 -12
702 0 3
702 51 -1
702 154 -12
702 158 3
702 185 -20
702 316 11
702 465 5
702 637 -4
702 677 9
702 934 -5
703 242 -14
703 250 -11
703 536 -3
703 615 -11
703 676 -12
703 846 9
704 86 -2
704 123 2
704 416 0
704 443 -12
704 768 -15
705 680 20
706 130 6
706 253 10
706 411 -9
706 903 17
707 643 13
707 668 -6
707 933 -18
707 945 0
707 959 -19
708 72 -1
708 158 10
708 582 17
708 599 -19
708 848 2
708 914 -17
709 112 15
709 164 9
710 18 -1
710 152 4
710 328 2
710 538 11
710 643 19
710 655 15
710 820 4
710 918 7
710 921 7
711 155 -15
711 161 8
711 343 17
711 406 -4
712 914 10
713 64 16
713 301 17
713 571 -10
713 668 -17
713 735 8
714 596 7
714 808 14
714 856 -17
714 931 2
715 90 -7
715 280 -11
715 712 11
715 757 20
716 134 17
716 162 19
716 227 -9
716 346 11
716 447 8
716 846 -15
716 871 -1
716 927 6
717 525 13
717 618 -6
717 728 6
717 884 2
719 4 -20
719 231 4
719 529 8
719 839 -13
720 212 0
720 636 -9
720 788 20
721 589 -8
721 854 16
721 939 20
722 166 1
722 170 8
722 471 -8
722 545 2
722 985 -4
723 58 17
723 413 -14
723 490 7
723 495 -2
723 563 8
723 736 4
724 626 13
724 731 -9
724 768 -14
724 812 -1
724 941 4
725 53 -16
725 158 1
725 500 6
725 630 -11
725 714 15
725 865 -17
726 156 0
726 438 -2
726 547 0
726 787 20
726 879 -7
727 21 9
727 344 14
727 345 -4
727 477 -8
727 594 -14
727 615 6
727 642 3
727 711 3
727 911 18
728 464 19
728 627 -18
728 871 -7
729 240 -20
729 716 4
729 801 7
729 925 14
729 972 3
730 323 -8
730 687 -5
730 790 14
731 42 -17
731 171 -14
732 30 -8
732 50 0
732 136 -2
732 604 20
732 656 12
732 909 14
733 210 -3
733 244 9
733 460 -10
733 768 -6
734 201 -5
734 249 1
734 585 0
734 621 -16
734 660 9
734 696 0
734 965 5
735 209 6
735 486 -2
735 549 -5
735 791 -15
735 870 3
736 54 -8
736 439 13
736 462 -6
736 466 14
736 814 12
736 884 -12
737 83 -16
737 457 12
737 818 19
738 46 -8
738 103 -10
738 225 -7
738 411 11
738 535 0
738 991 -16
739 343 4
739 449 17
739 698 -8
740 411 16
740 435 11
740 590 3
740 785 -6
740 827 12
740 935 9
741 138 14
741 325 8
741 993 6
742 218 -3
742 535 -9
742 634 -15
742 975 1
743 264 17
743 324 12
743 673 -6
743 693 -20
743 895 10
744 364 6
744 400 1
744 454 -16
744 586 20
745 7 -19
745 323 -2
745 466 -18
745 963 10
746 210 -10
746 217 15
746 267 13
746 467 6
746 679 -5
746 981 11
747 16 -1
747 942 9
748 950 1
749 153 5
749 193 17
749 244 13
749 460 -3
749 606 -4
749 682 0
749 753 17
750 107 9
750 542 5
751 417 -6
751 459 11
751 796 -18
752 196 17
752 372 2
752 452 5
752 782 1
752 880 -18
753 152 17
753 685 -9
753 987 4
753 993 -7
754 330 -13
754 385 10
754 424 2
754 487 8
754 877 15
755 57 -19
755 302 10
755 456 -18
755 711 15
755 838 -7
755 926 -3
756 358 -5
756 879 13
756 973 7
757 676 14
757 944 13
758 657 12
758 822 -12
759 672 3
760 76 10
760 410 17
760 717 11
760 925 1
760 937 -19
761 252 9
761 393 -20
761 790 -20
761 815 14
762 297 -12
763 520 5
763 740 11
764 473 4
764 699 -19
764 952 -3
765 535 -17
765 625 12
765 718 -3
765 767 -1
766 114 6
766 164 -13
766 322 9
766 360 -4
766 516 -14
766 876 9
767 22 -18
767 309 12
767 507 2
767 750 1
767 786 -13
767 890 -16
768 941 -17
769 167 18
769 772 11
769 792 2
769 828 -9
770 317 16
770 788 -19
771 882 -4
772 163 -14
772 345 19
772 379 -5
772 394 -7
772 527 4
772 844 -15
772 974 -13
773 600 6
773 626 -12
773 772 17
773 877 1
774 189 -4
774 378 -14
774 532 -18
774 645 18
774 977 -1
775 50 6
775 845 -18
775 897 -3
775 985 18
776 224 4
776 485 -3
776 594 -9
777 317 19
777 412 13
777 591 3
778 394 -11
778 395 -12
778 399 -6
778 450 7
779 480 -18
779 751 -10
779 846 14
779 897 4
780 74 -3
780 545 -13
780 811 12
780 915 -12
781 211 11
781 480 17
781 487 -6
781 535 12
781 545 3
781 911 5
782 256 15
782 335 1
783 15 15
783 51 11
783 135 -5
783 385 -18
784 36 -3
784 175 -1
784 348 13
784 497 14
784 824 3
784 889 -11
785 225 5
785 254 0
785 394 3
785 461 -5
785 683 8
785 737 10
785 889 -19
786 160 -16
786 542 10
786 896 1
787 550 2
788 308 5
788 641 17
788 989 13
789 264 0
790 89 19
790 202 -10
790 312 9
790 620 -4
790 673 15
791 222 -15
791 450 3
791 618 10
792 648 0
792 919 2
793 594 5
793 612 5
793 691 20
794 301 6
794 894 16
794 958 9
795 128 -11
795 137 -8
795 163 -11
795 265 15
795 987 -2
796 596 -2
796 800 -4
796 856 8
796 927 14
797 137 -9
797 443 -9
797 520 15
797 830 -3
798 124 13
798 438 0
798 966 -18
798 991 5
799 480 18
799 535 3
799 630 -12
799 982 -8
800 2 15
800 121 4
800 215 -20
800 979 19
801 136 -19
801 174 0
802 375 -1
802 584 18
802 764 -10
802 829 -9
803 191 20
803 296 18
803 590 16
803 659 1
804 99 -20
804 301 -20
804 364 -12
804 513 19
804 877 3
805 31 5
805 45 4
805 126 -9
805 227 9
805 728 -8
805 769 8
805 880 -14
806 458 -3
806 824 -19
807 94 14
807 194 5
807 336 15
807 372 -8
807 448 -17
807 976 -11
808 163 8
808 656 11
809 12 2
809 396 16
809 995 -6
810 9 -4
810 278 20
810 365 11
810 452 18
811 297 9
811 438 -9
812 30 10
812 151 -18
812 366 -19
812 626 0
812 951 10
813 527 -16
814 198 18
814 365 -11
815 233 -12
815 343 -12
815 818 7
816 44 20
816 159 -19
816 168 -10
816 391 -3
816 467 -10
816 785 -16
816 820 9
816 833 3
817 149 -20
817 419 -4
817 597 6
817 814 5
818 251 5
818 263 20
818 288 -6
818 351 -6
818 789 -5
818 833 10
819 72 -3
819 83 -10
819 200 9
819 955 15
820 35 -6
820 650 3
820 820 20
820 982 -19
821 215 17
821 513 -2
821 537 -14
821 541 -17
821 613 14
821 792 9
821 930 -18
822 502 16
822 683 -13
823 238 -2
823 579 -19
823 636 8
823 687 20
824 8 -11
824 165 19
824 476 -8
824 487 14
824 502 -5
824 937 -20
825 370 -15
825 502 5
825 561 7
825 721 -13
826 324 7
827 20 0
827 86 6
827 278 4
827 308 -6
827 389 -1
827 807 -17
828 17 -6
828 46 -19
828 111 7
828 537 -16
828 623 -10
828 664 17
828 733 -12
828 936 -17
828 941 3
828 975 -3
829 493 13
830 99 15
830 302 -16
830 857 -4
831 2 -4
831 198 9
831 294 -19
831 567 -11
831 570 11
831 869 -10
832 443 9
832 809 6
832 905 7
832 910 0
833 90 16
833 310 2
833 491 -17
833 755 -10
834 83 -9
834 154 -5
834 176 -12
834 305 1
834 311 14
834 334 19
834 857 -7
834 898 16
835 110 13
835 692 13
835 718 3
836 73 -4
836 479 0
836 556 9
836 796 -12
837 82 -11
837 493 -9
837 735 -6
838 224 -19
838 266 2
839 14 -20
839 186 -4
839 397 15
839 567 -14
840 43 0
840 334 9
840 335 8
840 955 -6
842 242 9
842 662 10
842 818 0
842 933 -16
843 269 -10
843 725 15
843 770 -16
843 815 -4
844 309 -2
844 373 2
844 614 8
845 155 19
845 313 -18
845 573 18
846 112 -10
846 160 16
846 276 -18
846 558 -3
846 774 -11
846 852 0
847 244 -5
847 326 5
847 370 -11
847 401 -4
847 855 20
847 956 -12
848 20 0
848 159 -10
848 511 -9
849 46 -4
849 607 -19
849 615 -15
849 643 5
849 697 -9
849 728 -12
849 815 8
849 842 19
850 620 -5
850 791 20
851 559 10
851 858 -12
851 908 9
852 322 8
852 429 2
852 986 -5
853 419 -18
853 600 20
854 280 1
854 895 -4
855 753 -1
855 870 -20
856 51 -15
856 479 18
856 483 -16
856 680 -11
856 946 12
857 621 -12
857 781 12
857 886 -1
857 959 -20
858 49 -6
858 235 10
858 500 -17
858 598 -19
858 618 15
858 638 4
858 746 -13
858 942 19
859 127 15
859 148 -1
859 684 -9
859 756 -12
859 827 16
859 872 1
859 874 -8
860 263 -1
860 349 16
860 532 -1
860 700 -7
860 726 -16
860 883 18
861 285 0
861 386 14
861 450 5
861 584 1
861 606 20
861 850 15
862 98 1
862 868 -6
863 128 -3
863 275 -9
864 54 4
864 353 14
864 525 -6
864 720 4
864 820 18
864 860 -18
865 257 4
865 756 17
866 280 9
866 348 1
866 473 2
866 501 17
866 783 11
866 791 -14
867 213 -6
867 289 -18
867 438 -10
867 513 0
867 573 -10
867 628 1
869 40 -19
869 87 -6
869 208 13
869 323 1
869 549 -10
869 987 -7
870 174 -18
870 179 2
870 284 3
870 480 -15
871 166 -10
871 244 -10
871 488 13
871 673 -13
871 691 13
871 751 -6
871 775 15
872 453 -16
872 464 2
872 665 20
872 666 12
872 954 -8
873 69 -17
873 303 -19
873 336 -12
873 414 -14
873 490 3
873 878 9
873 981 -1
875 154 4
875 172 -5
875 330 -6
875 638 4
875 743 -3
875 854 10
876 820 -7
877 332 15
877 562 -13
877 600 17
878 636 -8
879 206 -13
879 257 4
879 515 -3
879 681 0
879 750 -5
879 911 -8
880 199 0
880 544 -19
880 619 11
880 731 12
881 792 17
882 248 -14
882 260 10
882 427 -8
882 705 -19
883 156 -10
883 430 -17
883 729 -19
884 125 7
884 329 -4
884 632 10
884 837 -17
884 998 -20
885 247 -20
885 814 2
886 89 6
886 207 -4
886 243 -17
886 738 -9
887 23 -11
887 902 18
888 23 -6
888 250 -17
888 400 -2
889 80 13
889 716 11
889 761 -12
889 794 6
890 155 -11
890 297 -3
890 349 -3
890 555 13
890 988 -11
891 71 -5
891 154 3
891 340 14
891 348 -12
891 422 10
891 599 -10
892 35 6
892 151 -16
892 227 10
892 447 2
892 472 -4
892 920 0
893 221 6
893 268 -12
893 290 17
893 710 8
893 722 2
894 380 12
894 567 -10
894 629 15
895 813 -14
896 131 1
896 442 15
896 716 10
896 735 -15
896 976 1
897 300 -19
897 423 19
897 467 -16
897 588 19
897 707 13
898 85 -4
898 186 14
898 203 11
898 354 -17
898 700 -11
898 988 -8
899 515 -18
899 859 -18
899 862 6
900 132 -1
900 626 13
900 843 0
900 896 -5
901 368 19
901 407 -17
902 32 19
902 150 12
902 419 -13
902 435 11
902 477 1
902 596 17
902 617 -9
903 968 0
904 412 14
904 543 2
904 642 8
904 964 9
905 303 14
905 552 0
905 822 7
906 237 15
906 297 8
906 440 19
906 525 -20
907 455 -4
907 774 8
907 895 -5
907 930 -15
908 325 -3
908 550 6
908 737 -4
908 911 -11
909 357 -16
909 475 11
909 514 -10
909 573 -16
909 808 -13
910 69 -4
910 141 1
910 235 2
910 341 8
910 759 4
911 165 -12
911 231 6
911 946 17
912 29 -8
912 61 -12
912 273 13
912 873 -2
913 55 -14
913 178 7
913 536 9
913 570 0
913 643 11
914 54 12
914 80 -4
914 308 -15
914 426 11
914 469 20
914 695 20
915 254 6
915 296 -4
915 807 1
915 882 7
916 110 10
916 111 -1
916 566 -19
916 852 -15
917 373 14
917 446 -15
917 781 0
918 88 13
918 107 -18
918 303 19
918 311 -6
918 482 20
918 959 15
919 349 -12
919 608 11
919 966 -18
920 150 14
920 179 17
920 415 -4
921 347 10
921 411 -14
921 722 5
921 754 1
922 774 -10
923 388 -1
923 666 10
923 853 18
923 916 12
925 43 3
925 843 5
926 41 9
926 64 17
926 195 -8
926 578 20
926 663 17
926 726 -8
926 824 17
926 957 13
927 138 -20
927 806 -16
927 842 11
928 207 3
928 413 12
928 634 -8
928 824 -19
928 878 13
928 926 -5
929 12 -15
929 213 19
929 344 4
929 521 3
930 156 4
930 585 14
931 306 -1
931 512 -2
932 198 14
932 970 3
933 170 -9
933 525 2
933 582 0
933 678 11
933 776 -18
934 188 -10
934 580 6
934 772 11
934 860 17
935 737 -18
935 889 5
936 100 14
936 389 -5
936 908 11
936 936 3
936 943 -9
937 7 -1
937 358 11
937 624 11
937 684 8
938 395 -15
938 589 -1
938 874 2
939 28 20
939 169 16
939 368 20
939 807 -6
939 903 15
940 159 2
940 483 -17
940 920 6
941 304 -8
941 313 -12
941 366 -17
941 630 17
942 260 13
942 328 -18
942 585 1
942 628 15
942 813 -9
942 962 8
943 830 -17
943 873 15
943 917 -19
943 973 18
944 89 -8
944 482 16
944 669 3
944 794 12
944 896 -9
945 33 -9
945 131 -14
945 647 -11
946 201 16
946 411 11
946 558 17
946 662 -1
946 750 14
946 778 -8
946 809 -3
946 861 -12
946 897 5
947 406 0
947 555 -8
947 613 -11
947 870 2
947 959 -13
948 613 -5
948 852 -11
949 21 5
949 209 8
949 423 -11
949 542 9
949 558 -17
949 917 -7
950 186 9
951 543 -13
951 644 19
952 655 -18
953 280 -13
953 702 -5
954 937 8
955 41 2
955 516 0
955 775 5
956 429 13
956 686 7
957 737 8
958 66 17
958 138 -4
958 218 -9
958 493 2
959 25 -4
959 497 19
959 836 -8
959 889 2
959 925 -17
959 957 -8
960 104 -2
960 526 20
960 607 -14
960 756 -6
960 945 10
961 154 -4
961 550 14
962 42 -18
962 57 -13
962 134 12
962 378 17
962 840 -8
963 44 -17
963 162 -10
963 365 14
963 366 -2
963 424 18
963 577 -1
963 732 6
963 962 8
964 185 19
964 311 -11
964 424 -19
964 466 19
964 524 -12
965 64 -19
965 334 -15
966 237 12
966 469 -3
966 645 -8
967 226 -9
967 262 10
967 386 -16
967 884 -7
967 970 11
968 181 8
968 239 -5
968 269 -18
968 615 -8
968 688 19
968 816 20
968 829 8
968 839 11
968 991 -14
969 353 -15
969 506 -8
969 569 -17
969 835 -6
969 918 13
970 285 -10
970 301 -2
970 532 -10
970 545 18
970 876 -1
971 746 20
971 756 -1
971 757 15
971 969 7
972 110 20
972 521 15
973 609 15
973 749 -17
973 972 17
973 973 13
974 200 14
974 592 18
974 786 -9
974 944 -17
975 852 -15
975 884 16
975 949 5
976 34 11
976 232 20
976 236 20
976 913 0
977 115 -20
977 129 -16
977 444 2
977 575 15
977 642 12
977 723 -16
977 862 14
978 470 -15
979 3 15
979 328 -16
979 533 -19
979 702 -15
979 952 0
980 170 -10
980 365 -12
980 627 -15
980 662 10
980 750 -19
980 968 11
981 53 19
981 220 12
981 226 -19
981 300 -7
981 549 -20
981 687 -6
981 803 -2
981 947 -16
982 380 -2
982 445 -11
982 660 12
982 760 16
983 201 -8
983 209 15
983 750 7
984 13 3
984 443 19
984 555 -19
985 88 18
985 127 10
985 269 -6
985 311 12
985 485 -3
985 610 -14
985 619 -14
985 640 19
985 811 -12
986 26 -7
986 421 14
986 869 15
987 301 -14
987 673 19
987 731 -17
988 288 -1
988 333 19
988 494 3
988 529 4
988 751 -9
988 967 -4
989 534 -4
989 728 18
990 13 -5
990 164 -9
991 69 1
991 249 -12
991 452 9
992 88 -20
992 707 17
992 996 -11
993 446 -2
993 485 4
994 35 -13
994 79 -17
994 469 12
994 819 11
994 853 0
994 863 -10
995 69 16
995 243 -2
995 338 20
995 438 13
996 17 18
996 94 -11
996 867 8
997 277 -3
997 389 -16
997 434 9
997 549 -12
997 833 -15
997 991 -15
998 15 9
998 145 -14
998 745 13
999 575 -18
999 752 -9
